site YYMMMDD yyyy.yyyy __MJD week d reflon _e0(m) __east(m) ____n0(m) _north(m) u0(m) ____up(m) _ant(m) sig_e(m) sig_n(m) sig_u(m) __corr_en __corr_eu __corr_nu _latitude(deg) _longitude(deg) __height(m)
J176 96MAR22 1996.2218 50164 845 5 141.1 4144 0.902846 4267381 0.288403 65 0.489290 0.0000 0.001188 0.001487 0.005560 -0.038309 0.032073 -0.096562 38.5394811898 -218.8524586024 65.48929
J176 96MAR23 1996.2245 50165 845 6 141.1 4144 0.899297 4267381 0.287681 65 0.474814 0.0000 0.001238 0.001588 0.005881 -0.074463 0.003517 -0.106892 38.5394811833 -218.8524586431 65.47481
J176 96MAR24 1996.2272 50166 846 0 141.1 4144 0.902768 4267381 0.288886 65 0.483670 0.0000 0.001338 0.001584 0.005979 -0.080515 0.039961 -0.050014 38.5394811941 -218.8524586033 65.48367
J176 96MAR25 1996.2300 50167 846 1 141.1 4144 0.904022 4267381 0.291533 65 0.482433 0.0000 0.001207 0.001479 0.005565 -0.022217 0.035517 -0.074389 38.5394812180 -218.8524585889 65.48243
J176 96MAR26 1996.2327 50168 846 2 141.1 4144 0.901511 4267381 0.286700 65 0.469481 0.0000 0.001254 0.001537 0.005906 -0.000142 0.033460 -0.123555 38.5394811744 -218.8524586177 65.46948
J176 96MAR27 1996.2355 50169 846 3 141.1 4144 0.900626 4267381 0.283787 65 0.479230 0.0000 0.001262 0.001539 0.005872 -0.008858 0.004712 -0.125059 38.5394811482 -218.8524586279 65.47923
J176 96MAR29 1996.2409 50171 846 5 141.1 4144 0.906084 4267381 0.289272 65 0.476033 0.0000 0.001150 0.001409 0.005319 -0.009469 -0.027073 -0.134506 38.5394811976 -218.8524585653 65.47603
J176 96MAR30 1996.2437 50172 846 6 141.1 4144 0.898195 4267381 0.288390 65 0.483862 0.0000 0.001151 0.001464 0.005458 -0.007572 0.021904 -0.132451 38.5394811897 -218.8524586558 65.48386
J176 96MAR31 1996.2464 50173 847 0 141.1 4144 0.896087 4267381 0.288325 65 0.481262 0.0000 0.001643 0.002115 0.008176 -0.080755 -0.064258 -0.123596 38.5394811891 -218.8524586799 65.48126
J176 96APR02 1996.2519 50175 847 2 141.1 4144 0.897102 4267381 0.292391 65 0.477569 0.0000 0.001143 0.001397 0.005283 -0.006286 0.011321 -0.136575 38.5394812257 -218.8524586683 65.47757
J176 96APR03 1996.2546 50176 847 3 141.1 4144 0.898904 4267381 0.290154 65 0.485221 0.0000 0.001162 0.001418 0.005350 0.022279 -0.026396 -0.098985 38.5394812056 -218.8524586476 65.48522
J176 96APR04 1996.2574 50177 847 4 141.1 4144 0.897600 4267381 0.290513 65 0.478208 0.0000 0.001269 0.001522 0.005843 -0.010446 0.004677 -0.160290 38.5394812088 -218.8524586626 65.47821
J176 96APR05 1996.2601 50178 847 5 141.1 4144 0.901254 4267381 0.290036 65 0.490345 0.0000 0.001230 0.001481 0.005617 -0.032030 -0.033897 -0.070853 38.5394812045 -218.8524586207 65.49035
J176 96APR06 1996.2628 50179 847 6 141.1 4144 0.898904 4267381 0.286606 65 0.475335 0.0000 0.001140 0.001419 0.005326 -0.014184 0.017873 -0.082714 38.5394811736 -218.8524586476 65.47534
J176 96APR07 1996.2656 50180 848 0 141.1 4144 0.901273 4267381 0.285664 65 0.484889 0.0000 0.001126 0.001403 0.005260 0.013626 -0.029630 -0.125532 38.5394811651 -218.8524586205 65.48489
J176 96APR08 1996.2683 50181 848 1 141.1 4144 0.896050 4267381 0.286087 65 0.481575 0.0000 0.001217 0.001478 0.005664 0.005697 -0.007593 -0.138347 38.5394811689 -218.8524586804 65.48157
J176 96APR09 1996.2710 50182 848 2 141.1 4144 0.896400 4267381 0.288508 65 0.480077 0.0000 0.001161 0.001460 0.005400 -0.017085 -0.023254 -0.091916 38.5394811907 -218.8524586763 65.48008
J176 96APR10 1996.2738 50183 848 3 141.1 4144 0.899380 4267381 0.287601 65 0.482784 0.0000 0.001169 0.001492 0.005496 -0.043943 0.067623 -0.144930 38.5394811826 -218.8524586422 65.48278
J176 96APR11 1996.2765 50184 848 4 141.1 4144 0.904124 4267381 0.284816 65 0.484810 0.0000 0.001098 0.001374 0.005103 -0.010037 0.039752 -0.171132 38.5394811575 -218.8524585878 65.48481
J176 96APR12 1996.2793 50185 848 5 141.1 4144 0.900718 4267381 0.281875 65 0.482733 0.0000 0.001206 0.001529 0.005497 -0.109825 0.044344 -0.106849 38.5394811310 -218.8524586269 65.48273
J176 96APR13 1996.2820 50186 848 6 141.1 4144 0.896385 4267381 0.290609 65 0.489876 0.0000 0.001204 0.001525 0.005633 -0.074574 0.000888 -0.042101 38.5394812097 -218.8524586765 65.48988
J176 96APR14 1996.2847 50187 849 0 141.1 4144 0.900698 4267381 0.285855 65 0.474339 0.0000 0.001210 0.001461 0.005549 -0.059338 0.018520 -0.118805 38.5394811668 -218.8524586271 65.47434
J176 96APR15 1996.2875 50188 849 1 141.1 4144 0.901993 4267381 0.284935 65 0.479179 0.0000 0.001229 0.001541 0.005599 -0.079611 0.029958 -0.084672 38.5394811586 -218.8524586122 65.47918
J176 96APR16 1996.2902 50189 849 2 141.1 4144 0.900319 4267381 0.288118 65 0.494249 0.0000 0.001155 0.001430 0.005305 -0.046349 -0.005389 -0.096996 38.5394811872 -218.8524586314 65.49425
J176 96APR17 1996.2930 50190 849 3 141.1 4144 0.896079 4267381 0.285521 65 0.483722 0.0000 0.001183 0.001444 0.005486 -0.035388 0.016983 -0.124570 38.5394811638 -218.8524586800 65.48372
J176 96APR18 1996.2957 50191 849 4 141.1 4144 0.901547 4267381 0.285709 65 0.487183 0.0000 0.001255 0.001624 0.005988 -0.098014 0.080512 -0.119344 38.5394811655 -218.8524586173 65.48718
J176 96APR19 1996.2984 50192 849 5 141.1 4144 0.900989 4267381 0.285846 65 0.474679 0.0000 0.001146 0.001428 0.005368 -0.028853 0.004911 -0.138035 38.5394811668 -218.8524586237 65.47468
J176 96APR20 1996.3012 50193 849 6 141.1 4144 0.900111 4267381 0.284966 65 0.480962 0.0000 0.001205 0.001515 0.005577 -0.064453 -0.007098 -0.078770 38.5394811588 -218.8524586338 65.48096
J176 96APR21 1996.3039 50194 850 0 141.1 4144 0.896874 4267381 0.283205 65 0.476975 0.0000 0.001212 0.001482 0.005497 -0.096010 0.014852 -0.092027 38.5394811430 -218.8524586709 65.47698
J176 96APR22 1996.3066 50195 850 1 141.1 4144 0.897579 4267381 0.284736 65 0.474772 0.0000 0.001229 0.001478 0.005532 -0.108496 0.005690 -0.100169 38.5394811568 -218.8524586628 65.47477
J176 96APR23 1996.3094 50196 850 2 141.1 4144 0.899632 4267381 0.284852 65 0.474159 0.0000 0.001129 0.001437 0.005192 -0.065403 0.040860 -0.070916 38.5394811578 -218.8524586393 65.47416
J176 96APR24 1996.3121 50197 850 3 141.1 4144 0.900057 4267381 0.284454 65 0.474047 0.0000 0.001124 0.001461 0.005296 -0.054465 0.075365 -0.079124 38.5394811542 -218.8524586344 65.47405
J176 96APR25 1996.3149 50198 850 4 141.1 4144 0.900524 4267381 0.283258 65 0.474032 0.0000 0.001199 0.001515 0.005719 -0.011635 0.040592 -0.107010 38.5394811434 -218.8524586291 65.47403
J176 96APR26 1996.3176 50199 850 5 141.1 4144 0.896595 4267381 0.289944 65 0.475109 0.0000 0.001213 0.001525 0.005700 -0.009627 -0.028415 -0.153236 38.5394812037 -218.8524586741 65.47511
J176 96APR27 1996.3203 50200 850 6 141.1 4144 0.905749 4267381 0.286956 65 0.481406 0.0000 0.001129 0.001441 0.005294 -0.048840 0.018732 -0.150823 38.5394811768 -218.8524585691 65.48141
J176 96APR28 1996.3231 50201 851 0 141.1 4144 0.900175 4267381 0.284427 65 0.479807 0.0000 0.001166 0.001467 0.005419 -0.073745 0.067019 -0.143097 38.5394811540 -218.8524586331 65.47981
J176 96APR29 1996.3258 50202 851 1 141.1 4144 0.901059 4267381 0.283007 65 0.475445 0.0000 0.001218 0.001541 0.005695 -0.055509 0.101180 -0.129344 38.5394811412 -218.8524586229 65.47544
J176 96APR30 1996.3285 50203 851 2 141.1 4144 0.900355 4267381 0.286175 65 0.477120 0.0000 0.001154 0.001479 0.005514 -0.063198 0.040783 -0.139741 38.5394811697 -218.8524586310 65.47712
J176 96MAY01 1996.3313 50204 851 3 141.1 4144 0.898949 4267381 0.285602 65 0.482399 0.0000 0.001230 0.001518 0.005658 -0.064538 0.029021 -0.074640 38.5394811646 -218.8524586471 65.48240
J176 96MAY02 1996.3340 50205 851 4 141.1 4144 0.896808 4267381 0.286676 65 0.483061 0.0000 0.001309 0.001564 0.006059 -0.036642 -0.027929 -0.122343 38.5394811742 -218.8524586717 65.48306
J176 96MAY03 1996.3368 50206 851 5 141.1 4144 0.893430 4267381 0.286079 65 0.494754 0.0000 0.001663 0.002159 0.007799 -0.068768 0.029095 -0.227729 38.5394811689 -218.8524587104 65.49475
J176 96MAY04 1996.3395 50207 851 6 141.1 4144 0.900187 4267381 0.286000 65 0.488696 0.0000 0.001154 0.001427 0.005371 -0.034098 0.022592 -0.127345 38.5394811682 -218.8524586329 65.48870
J176 96MAY05 1996.3422 50208 852 0 141.1 4144 0.899760 4267381 0.286635 65 0.488319 0.0000 0.001135 0.001437 0.005342 -0.064394 0.008772 -0.090394 38.5394811739 -218.8524586378 65.48832
J176 96MAY06 1996.3450 50209 852 1 141.1 4144 0.899373 4267381 0.288542 65 0.475359 0.0000 0.001282 0.001576 0.006003 -0.054962 -0.047221 -0.073231 38.5394811911 -218.8524586422 65.47536
J176 96MAY07 1996.3477 50210 852 2 141.1 4144 0.897485 4267381 0.286703 65 0.487818 0.0000 0.001182 0.001463 0.005521 -0.054044 -0.011704 -0.172401 38.5394811745 -218.8524586639 65.48782
J176 96MAY08 1996.3504 50211 852 3 141.1 4144 0.896218 4267381 0.283938 65 0.490041 0.0000 0.001153 0.001479 0.005474 -0.047820 -0.003943 -0.076505 38.5394811496 -218.8524586785 65.49004
J176 96MAY09 1996.3532 50212 852 4 141.1 4144 0.895697 4267381 0.282702 65 0.498194 0.0000 0.001262 0.001579 0.005922 -0.016247 -0.028300 -0.127880 38.5394811384 -218.8524586844 65.49819
J176 96MAY10 1996.3559 50213 852 5 141.1 4144 0.903242 4267381 0.286647 65 0.468583 0.0000 0.001280 0.001612 0.006243 0.013603 0.027200 -0.128759 38.5394811740 -218.8524585979 65.46858
J176 96MAY11 1996.3587 50214 852 6 141.1 4144 0.894140 4267381 0.287803 65 0.485742 0.0000 0.001223 0.001531 0.005817 -0.039407 0.016791 -0.093437 38.5394811844 -218.8524587023 65.48574
J176 96MAY12 1996.3614 50215 853 0 141.1 4144 0.900690 4267381 0.287973 65 0.479588 0.0000 0.001266 0.001566 0.006035 -0.026243 0.037051 -0.153378 38.5394811859 -218.8524586271 65.47959
J176 96MAY13 1996.3641 50216 853 1 141.1 4144 0.899953 4267381 0.286993 65 0.477947 0.0000 0.001229 0.001572 0.005889 -0.020324 0.001330 -0.126601 38.5394811771 -218.8524586356 65.47795
J176 96MAY14 1996.3669 50217 853 2 141.1 4144 0.895166 4267381 0.287798 65 0.474139 0.0000 0.001183 0.001494 0.005558 -0.045523 0.019735 -0.178109 38.5394811843 -218.8524586905 65.47414
J176 96MAY15 1996.3696 50218 853 3 141.1 4144 0.896972 4267381 0.287281 65 0.468123 0.0000 0.001222 0.001549 0.006041 -0.021629 0.006718 -0.164125 38.5394811797 -218.8524586698 65.46812
J176 96MAY16 1996.3723 50219 853 4 141.1 4144 0.897898 4267381 0.283086 65 0.490804 0.0000 0.001252 0.001535 0.005922 0.011689 0.045149 -0.144012 38.5394811419 -218.8524586592 65.49080
J176 96MAY17 1996.3751 50220 853 5 141.1 4144 0.897168 4267381 0.283538 65 0.479320 0.0000 0.001465 0.001750 0.006662 -0.047399 0.004921 -0.155011 38.5394811460 -218.8524586676 65.47932
J176 96MAY18 1996.3778 50221 853 6 141.1 4144 0.901395 4267381 0.283718 65 0.489516 0.0000 0.001287 0.001594 0.005993 -0.037694 0.017100 -0.112761 38.5394811476 -218.8524586191 65.48952
J176 96MAY19 1996.3806 50222 854 0 141.1 4144 0.904657 4267381 0.290300 65 0.472890 0.0000 0.001284 0.001625 0.005972 -0.008669 0.039367 -0.104007 38.5394812069 -218.8524585816 65.47289
J176 96MAY20 1996.3833 50223 854 1 141.1 4144 0.899578 4267381 0.284257 65 0.478498 0.0000 0.001205 0.001475 0.005646 0.023988 -0.003687 -0.095167 38.5394811524 -218.8524586399 65.47850
J176 96MAY21 1996.3860 50224 854 2 141.1 4144 0.897756 4267381 0.279342 65 0.482461 0.0000 0.001214 0.001552 0.005861 0.009971 -0.036972 -0.209414 38.5394811082 -218.8524586608 65.48246
J176 96MAY22 1996.3888 50225 854 3 141.1 4144 0.898357 4267381 0.285409 65 0.491828 0.0000 0.001230 0.001544 0.005766 -0.006941 -0.049053 -0.165313 38.5394811628 -218.8524586539 65.49183
J176 96MAY23 1996.3915 50226 854 4 141.1 4144 0.897879 4267381 0.286250 65 0.472653 0.0000 0.001342 0.001829 0.006352 -0.020268 0.052183 -0.083702 38.5394811704 -218.8524586594 65.47265
J176 96MAY24 1996.3943 50227 854 5 141.1 4144 0.900593 4267381 0.285192 65 0.479276 0.0000 0.001276 0.001641 0.006201 -0.100125 -0.007713 -0.029029 38.5394811609 -218.8524586283 65.47928
J176 96MAY25 1996.3970 50228 854 6 141.1 4144 0.898569 4267381 0.282333 65 0.478213 0.0000 0.001241 0.001557 0.005924 -0.022237 0.029307 -0.115978 38.5394811351 -218.8524586515 65.47821
J176 96MAY27 1996.4025 50230 855 1 141.1 4144 0.895985 4267381 0.282811 65 0.476164 0.0000 0.001260 0.001583 0.005942 -0.008590 0.026502 -0.126248 38.5394811394 -218.8524586811 65.47616
J176 96MAY28 1996.4052 50231 855 2 141.1 4144 0.897105 4267381 0.283818 65 0.476321 0.0000 0.001302 0.001750 0.006231 0.010498 -0.026222 -0.087227 38.5394811485 -218.8524586683 65.47632
J176 96MAY29 1996.4079 50232 855 3 141.1 4144 0.892161 4267381 0.282995 65 0.482839 0.0000 0.001290 0.001579 0.005968 -0.063887 0.010390 -0.156692 38.5394811411 -218.8524587250 65.48284
J176 96MAY30 1996.4107 50233 855 4 141.1 4144 0.897620 4267381 0.279737 65 0.484320 0.0000 0.001217 0.001532 0.005668 -0.030920 0.016591 -0.136064 38.5394811117 -218.8524586624 65.48432
J176 96MAY31 1996.4134 50234 855 5 141.1 4144 0.895137 4267381 0.282463 65 0.484817 0.0000 0.001250 0.001516 0.005886 -0.003335 0.054167 -0.155618 38.5394811363 -218.8524586909 65.48482
J176 96JUN01 1996.4162 50235 855 6 141.1 4144 0.895869 4267381 0.283054 65 0.486635 0.0000 0.001323 0.001636 0.006158 -0.015499 0.110765 -0.133548 38.5394811416 -218.8524586825 65.48664
J176 96JUN02 1996.4189 50236 856 0 141.1 4144 0.899188 4267381 0.286242 65 0.481617 0.0000 0.001346 0.001676 0.006309 -0.006974 0.005817 -0.093075 38.5394811703 -218.8524586444 65.48162
J176 96JUN03 1996.4216 50237 856 1 141.1 4144 0.894769 4267381 0.283920 65 0.501280 0.0000 0.001356 0.001737 0.006401 -0.019940 -0.062642 -0.097913 38.5394811494 -218.8524586951 65.50128
J176 96JUN04 1996.4244 50238 856 2 141.1 4144 0.895208 4267381 0.283177 65 0.483003 0.0000 0.001210 0.001561 0.005797 -0.022498 -0.011772 -0.044235 38.5394811427 -218.8524586900 65.48300
J176 96JUN05 1996.4271 50239 856 3 141.1 4144 0.896810 4267381 0.283089 65 0.485036 0.0000 0.001395 0.001755 0.006497 -0.101858 0.000463 -0.129619 38.5394811419 -218.8524586717 65.48504
J176 96JUN06 1996.4298 50240 856 4 141.1 4144 0.893667 4267381 0.283326 65 0.476605 0.0000 0.001251 0.001559 0.005987 0.011269 -0.033641 -0.134974 38.5394811441 -218.8524587077 65.47661
J176 96JUN07 1996.4326 50241 856 5 141.1 4144 0.897050 4267381 0.286209 65 0.478973 0.0000 0.001275 0.001599 0.005956 0.021712 0.007698 -0.203647 38.5394811700 -218.8524586689 65.47897
J176 96JUN08 1996.4353 50242 856 6 141.1 4144 0.896243 4267381 0.286626 65 0.478312 0.0000 0.001382 0.001685 0.006386 0.012129 -0.062338 -0.120653 38.5394811738 -218.8524586782 65.47831
J176 96JUN09 1996.4381 50243 857 0 141.1 4144 0.897220 4267381 0.285994 65 0.474135 0.0000 0.001270 0.001537 0.005907 0.008008 0.022902 -0.199299 38.5394811681 -218.8524586670 65.47414
J176 96JUN10 1996.4408 50244 857 1 141.1 4144 0.897280 4267381 0.282328 65 0.479596 0.0000 0.001299 0.001556 0.005881 0.011807 -0.120836 -0.117457 38.5394811351 -218.8524586663 65.47960
J176 96JUN11 1996.4435 50245 857 2 141.1 4144 0.895518 4267381 0.283077 65 0.484533 0.0000 0.001251 0.001524 0.005729 -0.008639 -0.019520 -0.096845 38.5394811418 -218.8524586865 65.48453
J176 96JUN12 1996.4463 50246 857 3 141.1 4144 0.893987 4267381 0.285359 65 0.475599 0.0000 0.001325 0.001578 0.006022 -0.047783 -0.063652 -0.111808 38.5394811624 -218.8524587040 65.47560
J176 96JUN13 1996.4490 50247 857 4 141.1 4144 0.898645 4267381 0.281679 65 0.488588 0.0000 0.001279 0.001544 0.005885 0.069871 -0.059306 -0.155840 38.5394811292 -218.8524586506 65.48859
J176 96JUN14 1996.4517 50248 857 5 141.1 4144 0.896791 4267381 0.284137 65 0.492582 0.0000 0.001252 0.001595 0.005942 0.013766 0.012569 -0.129338 38.5394811514 -218.8524586719 65.49258
J176 96JUN15 1996.4545 50249 857 6 141.1 4144 0.897119 4267381 0.286802 65 0.496570 0.0000 0.001301 0.001594 0.005951 -0.015933 -0.030221 -0.188699 38.5394811754 -218.8524586681 65.49657
J176 96JUN16 1996.4572 50250 858 0 141.1 4144 0.896040 4267381 0.289097 65 0.505686 0.0000 0.001395 0.001688 0.006267 -0.021202 -0.001071 -0.166606 38.5394811960 -218.8524586805 65.50569
J176 96JUN17 1996.4600 50251 858 1 141.1 4144 0.894972 4267381 0.286766 65 0.491562 0.0000 0.001472 0.001884 0.006831 0.086125 -0.036990 -0.064536 38.5394811750 -218.8524586927 65.49156
J176 96JUN18 1996.4627 50252 858 2 141.1 4144 0.900493 4267381 0.281132 65 0.481688 0.0000 0.001402 0.001704 0.006129 -0.002912 0.078576 -0.121149 38.5394811243 -218.8524586294 65.48169
J176 96JUN19 1996.4654 50253 858 3 141.1 4144 0.902889 4267381 0.285168 65 0.488376 0.0000 0.001429 0.001722 0.006573 -0.016670 0.005902 -0.138568 38.5394811607 -218.8524586019 65.48838
J176 96JUN20 1996.4682 50254 858 4 141.1 4144 0.895546 4267381 0.285368 65 0.488175 0.0000 0.001261 0.001601 0.005896 0.001075 0.038108 -0.202067 38.5394811625 -218.8524586862 65.48817
J176 96JUN21 1996.4709 50255 858 5 141.1 4144 0.899355 4267381 0.286949 65 0.480899 0.0000 0.001266 0.001560 0.005668 -0.011310 0.041295 -0.146507 38.5394811767 -218.8524586425 65.48090
J176 96JUN22 1996.4736 50256 858 6 141.1 4144 0.898551 4267381 0.284911 65 0.484659 0.0000 0.001308 0.001646 0.006024 0.016016 -0.006131 -0.176277 38.5394811583 -218.8524586517 65.48466
J176 96JUN23 1996.4764 50257 859 0 141.1 4144 0.898929 4267381 0.285482 65 0.478858 0.0000 0.001218 0.001515 0.005507 0.010847 -0.007646 -0.190572 38.5394811635 -218.8524586474 65.47886
J176 96JUN24 1996.4791 50258 859 1 141.1 4144 0.897946 4267381 0.287032 65 0.489237 0.0000 0.001194 0.001477 0.005559 0.021070 -0.019256 -0.180188 38.5394811774 -218.8524586586 65.48924
J176 96JUN25 1996.4819 50259 859 2 141.1 4144 0.895695 4267381 0.284893 65 0.487147 0.0000 0.001190 0.001462 0.005400 -0.006526 0.066970 -0.133775 38.5394811582 -218.8524586845 65.48715
J176 96JUN26 1996.4846 50260 859 3 141.1 4144 0.899875 4267381 0.283481 65 0.488163 0.0000 0.001541 0.001907 0.007159 0.070380 0.038311 -0.052915 38.5394811455 -218.8524586365 65.48816
J176 96JUN27 1996.4873 50261 859 4 141.1 4144 0.892058 4267381 0.285122 65 0.493938 0.0000 0.001248 0.001558 0.005790 -0.019931 0.021213 -0.101790 38.5394811602 -218.8524587262 65.49394
J176 96JUN28 1996.4901 50262 859 5 141.1 4144 0.893064 4267381 0.288386 65 0.498889 0.0000 0.001276 0.001549 0.006123 0.002846 -0.018212 -0.165206 38.5394811896 -218.8524587146 65.49889
J176 96JUN29 1996.4928 50263 859 6 141.1 4144 0.896676 4267381 0.283949 65 0.485664 0.0000 0.001203 0.001574 0.005715 0.055096 -0.007759 -0.066575 38.5394811497 -218.8524586732 65.48566
J176 96JUN30 1996.4956 50264 860 0 141.1 4144 0.900224 4267381 0.288044 65 0.497614 0.0000 0.001310 0.001650 0.006223 0.015345 0.026772 -0.142596 38.5394811866 -218.8524586325 65.49761
J176 96JUL01 1996.4983 50265 860 1 141.1 4144 0.896532 4267381 0.287396 65 0.470553 0.0000 0.001262 0.001589 0.005953 -0.020062 0.002832 -0.116210 38.5394811807 -218.8524586748 65.47055
J176 96JUL02 1996.5010 50266 860 2 141.1 4144 0.897128 4267381 0.289055 65 0.490140 0.0000 0.001330 0.001641 0.006216 -0.038036 0.070731 -0.107710 38.5394811957 -218.8524586680 65.49014
J176 96JUL03 1996.5038 50267 860 3 141.1 4144 0.896372 4267381 0.290157 65 0.493218 0.0000 0.001308 0.001691 0.006310 -0.033970 0.091592 -0.155843 38.5394812056 -218.8524586767 65.49322
J176 96JUL04 1996.5065 50268 860 4 141.1 4144 0.901602 4267381 0.287670 65 0.480526 0.0000 0.001249 0.001592 0.005894 0.005556 -0.060602 -0.148167 38.5394811832 -218.8524586167 65.48053
J176 96JUL05 1996.5092 50269 860 5 141.1 4144 0.896559 4267381 0.288144 65 0.498509 0.0000 0.001303 0.001538 0.005883 -0.005918 0.036889 -0.135456 38.5394811875 -218.8524586745 65.49851
J176 96JUL06 1996.5120 50270 860 6 141.1 4144 0.900072 4267381 0.285888 65 0.491022 0.0000 0.001244 0.001562 0.005905 -0.018499 0.054821 -0.210828 38.5394811671 -218.8524586342 65.49102
J176 96JUL07 1996.5147 50271 861 0 141.1 4144 0.895774 4267381 0.283231 65 0.492240 0.0000 0.001434 0.001713 0.006543 -0.012206 0.043942 -0.222693 38.5394811432 -218.8524586836 65.49224
J176 96JUL08 1996.5175 50272 861 1 141.1 4144 0.902638 4267381 0.285804 65 0.499896 0.0000 0.001307 0.001591 0.006010 0.052520 -0.003740 -0.130552 38.5394811664 -218.8524586048 65.49990
J176 96JUL09 1996.5202 50273 861 2 141.1 4144 0.901302 4267381 0.283984 65 0.497264 0.0000 0.001294 0.001622 0.006035 0.061719 -0.036570 -0.082315 38.5394811500 -218.8524586201 65.49726
J176 96JUL10 1996.5229 50274 861 3 141.1 4144 0.899285 4267381 0.290626 65 0.488796 0.0000 0.001272 0.001615 0.005927 -0.077243 0.053452 -0.130107 38.5394812098 -218.8524586432 65.48880
J176 96JUL11 1996.5257 50275 861 4 141.1 4144 0.893741 4267381 0.287935 65 0.485169 0.0000 0.001260 0.001659 0.006109 -0.047480 0.073966 -0.140346 38.5394811856 -218.8524587068 65.48517
J176 96JUL12 1996.5284 50276 861 5 141.1 4144 0.895555 4267381 0.287814 65 0.487946 0.0000 0.001231 0.001591 0.005987 -0.045538 0.136347 -0.173261 38.5394811845 -218.8524586860 65.48795
J176 96JUL13 1996.5311 50277 861 6 141.1 4144 0.896613 4267381 0.283715 65 0.491522 0.0000 0.001385 0.001601 0.006047 0.000586 -0.052280 -0.147798 38.5394811476 -218.8524586739 65.49152
J176 96JUL14 1996.5339 50278 862 0 141.1 4144 0.895919 4267381 0.287977 65 0.476072 0.0000 0.001266 0.001578 0.006032 -0.020454 -0.022548 -0.210384 38.5394811860 -218.8524586819 65.47607
J176 96JUL15 1996.5366 50279 862 1 141.1 4144 0.898582 4267381 0.287584 65 0.488832 0.0000 0.001330 0.001636 0.006295 0.009414 -0.038197 -0.252258 38.5394811824 -218.8524586513 65.48883
J176 96JUL16 1996.5394 50280 862 2 141.1 4144 0.897203 4267381 0.291089 65 0.490071 0.0000 0.001296 0.001645 0.005882 -0.033439 0.064422 -0.172330 38.5394812140 -218.8524586671 65.49007
J176 96JUL17 1996.5421 50281 862 3 141.1 4144 0.894868 4267381 0.288665 65 0.496358 0.0000 0.001248 0.001535 0.005686 -0.018595 0.044511 -0.127629 38.5394811922 -218.8524586939 65.49636
J176 96JUL18 1996.5448 50282 862 4 141.1 4144 0.897521 4267381 0.288421 65 0.489792 0.0000 0.001271 0.001603 0.005931 0.021506 -0.050146 -0.134085 38.5394811900 -218.8524586635 65.48979
J176 96JUL19 1996.5476 50283 862 5 141.1 4144 0.895792 4267381 0.289717 65 0.495048 0.0000 0.001246 0.001577 0.005861 0.020088 -0.068808 -0.155895 38.5394812016 -218.8524586833 65.49505
J176 96JUL20 1996.5503 50284 862 6 141.1 4144 0.893854 4267381 0.287403 65 0.490047 0.0000 0.001159 0.001435 0.005388 0.018817 -0.007103 -0.161445 38.5394811808 -218.8524587056 65.49005
J176 96JUL21 1996.5530 50285 863 0 141.1 4144 0.896670 4267381 0.288754 65 0.495479 0.0000 0.001194 0.001530 0.005741 0.001196 -0.010462 -0.153335 38.5394811930 -218.8524586732 65.49548
J176 96JUL22 1996.5558 50286 863 1 141.1 4144 0.897893 4267381 0.292165 65 0.501428 0.0000 0.001249 0.001563 0.005924 -0.013919 -0.016386 -0.106431 38.5394812237 -218.8524586592 65.50143
J176 96JUL23 1996.5585 50287 863 2 141.1 4144 0.898634 4267381 0.293001 65 0.501051 0.0000 0.001305 0.001661 0.006002 0.034783 0.024347 -0.124952 38.5394812312 -218.8524586507 65.50105
J176 96JUL24 1996.5613 50288 863 3 141.1 4144 0.897311 4267381 0.291016 65 0.487036 0.0000 0.001285 0.001590 0.005881 0.028964 -0.016398 -0.159365 38.5394812133 -218.8524586659 65.48704
J176 96JUL25 1996.5640 50289 863 4 141.1 4144 0.900721 4267381 0.284454 65 0.474885 0.0000 0.001225 0.001540 0.005858 0.009857 0.012959 -0.173630 38.5394811542 -218.8524586268 65.47489
J176 96JUL26 1996.5667 50290 863 5 141.1 4144 0.898879 4267381 0.285405 65 0.487301 0.0000 0.001272 0.001551 0.005818 -0.065144 -0.040734 -0.071094 38.5394811628 -218.8524586479 65.48730
J176 96JUL27 1996.5695 50291 863 6 141.1 4144 0.898182 4267381 0.289471 65 0.487074 0.0000 0.001291 0.001581 0.005913 0.000464 0.002982 -0.187489 38.5394811994 -218.8524586559 65.48707
J176 96JUL28 1996.5722 50292 864 0 141.1 4144 0.900969 4267381 0.285753 65 0.485684 0.0000 0.001222 0.001518 0.005677 0.024657 0.013524 -0.187118 38.5394811659 -218.8524586240 65.48568
J176 96JUL29 1996.5749 50293 864 1 141.1 4144 0.899920 4267381 0.287537 65 0.490878 0.0000 0.001249 0.001627 0.005870 0.017582 0.060675 -0.075086 38.5394811820 -218.8524586360 65.49088
J176 96JUL30 1996.5777 50294 864 2 141.1 4144 0.900550 4267381 0.285716 65 0.486134 0.0000 0.001221 0.001569 0.005873 -0.001440 0.025476 -0.134837 38.5394811656 -218.8524586288 65.48613
J176 96JUL31 1996.5804 50295 864 3 141.1 4144 0.897013 4267381 0.286341 65 0.480624 0.0000 0.001199 0.001491 0.005621 -0.001674 0.027567 -0.155939 38.5394811712 -218.8524586693 65.48062
J176 96AUG01 1996.5832 50296 864 4 141.1 4144 0.895182 4267381 0.289416 65 0.477194 0.0000 0.001203 0.001533 0.005726 0.037748 -0.070125 -0.157772 38.5394811989 -218.8524586903 65.47719
J176 96AUG02 1996.5859 50297 864 5 141.1 4144 0.899747 4267381 0.288401 65 0.483975 0.0000 0.001253 0.001600 0.005900 -0.021435 -0.053280 -0.156242 38.5394811898 -218.8524586379 65.48398
J176 96AUG03 1996.5886 50298 864 6 141.1 4144 0.898046 4267381 0.287426 65 0.491041 0.0000 0.001167 0.001477 0.005455 0.005919 0.040287 -0.135083 38.5394811810 -218.8524586575 65.49104
J176 96AUG04 1996.5914 50299 865 0 141.1 4144 0.893301 4267381 0.289786 65 0.475847 0.0000 0.001352 0.001763 0.006306 -0.079026 0.055999 -0.113831 38.5394812023 -218.8524587119 65.47585
J176 96AUG05 1996.5941 50300 865 1 141.1 4144 0.899875 4267381 0.287510 65 0.478825 0.0000 0.001301 0.001632 0.005845 0.073524 0.026872 -0.096045 38.5394811818 -218.8524586365 65.47883
J176 96AUG06 1996.5969 50301 865 2 141.1 4144 0.898064 4267381 0.290842 65 0.478560 0.0000 0.001331 0.001663 0.006266 0.038367 -0.005361 -0.185529 38.5394812118 -218.8524586572 65.47856
J176 96AUG07 1996.5996 50302 865 3 141.1 4144 0.897700 4267381 0.292473 65 0.489560 0.0000 0.001227 0.001549 0.005659 -0.002775 -0.044959 -0.081549 38.5394812265 -218.8524586614 65.48956
J176 96AUG08 1996.6023 50303 865 4 141.1 4144 0.900995 4267381 0.290505 65 0.492977 0.0000 0.001297 0.001541 0.005821 -0.071403 0.085993 -0.185336 38.5394812087 -218.8524586236 65.49298
J176 96AUG09 1996.6051 50304 865 5 141.1 4144 0.901881 4267381 0.286523 65 0.489726 0.0000 0.001281 0.001647 0.006230 0.008370 0.020469 -0.164298 38.5394811729 -218.8524586135 65.48973
J176 96AUG10 1996.6078 50305 865 6 141.1 4144 0.899690 4267381 0.286939 65 0.494278 0.0000 0.001343 0.001683 0.006148 0.021329 0.058441 -0.118125 38.5394811766 -218.8524586386 65.49428
J176 96AUG11 1996.6105 50306 866 0 141.1 4144 0.894104 4267381 0.288590 65 0.485921 0.0000 0.001290 0.001557 0.006034 0.021925 0.066233 -0.176117 38.5394811915 -218.8524587027 65.48592
J176 96AUG12 1996.6133 50307 866 1 141.1 4144 0.899583 4267381 0.287837 65 0.483030 0.0000 0.001117 0.001415 0.005248 0.036108 -0.006891 -0.164837 38.5394811847 -218.8524586398 65.48303
J176 96AUG13 1996.6160 50308 866 2 141.1 4144 0.897236 4267381 0.291002 65 0.475396 0.0000 0.001137 0.001437 0.005329 0.034847 -0.056572 -0.133540 38.5394812132 -218.8524586667 65.47540
J176 96AUG14 1996.6188 50309 866 3 141.1 4144 0.895757 4267381 0.290046 65 0.490070 0.0000 0.001158 0.001505 0.005462 0.036681 -0.029147 -0.112408 38.5394812046 -218.8524586837 65.49007
J176 96AUG15 1996.6215 50310 866 4 141.1 4144 0.892867 4267381 0.285286 65 0.488634 0.0000 0.001160 0.001497 0.005584 0.014667 -0.015198 -0.136142 38.5394811617 -218.8524587169 65.48863
J176 96AUG16 1996.6242 50311 866 5 141.1 4144 0.896537 4267381 0.286904 65 0.491855 0.0000 0.001101 0.001413 0.005258 0.020562 -0.037503 -0.158588 38.5394811763 -218.8524586748 65.49186
J176 96AUG17 1996.6270 50312 866 6 141.1 4144 0.898491 4267381 0.291867 65 0.493229 0.0000 0.001206 0.001597 0.005814 0.070474 0.013693 -0.087880 38.5394812210 -218.8524586523 65.49323
J176 96AUG18 1996.6297 50313 867 0 141.1 4144 0.898444 4267381 0.289196 65 0.484454 0.0000 0.001170 0.001557 0.005818 0.004342 -0.031481 -0.171254 38.5394811969 -218.8524586529 65.48445
J176 96AUG19 1996.6324 50314 867 1 141.1 4144 0.895341 4267381 0.291423 65 0.481636 0.0000 0.001176 0.001562 0.005761 -0.018817 -0.024510 -0.177613 38.5394812170 -218.8524586885 65.48164
J176 96AUG20 1996.6352 50315 867 2 141.1 4144 0.896543 4267381 0.289148 65 0.487100 0.0000 0.001161 0.001519 0.005545 0.027870 0.001475 -0.129095 38.5394811965 -218.8524586747 65.48710
J176 96AUG21 1996.6379 50316 867 3 141.1 4144 0.895828 4267381 0.286917 65 0.507732 0.0000 0.001280 0.001672 0.006108 -0.045232 -0.049204 -0.158034 38.5394811764 -218.8524586829 65.50773
J176 96AUG22 1996.6407 50317 867 4 141.1 4144 0.899646 4267381 0.287205 65 0.490578 0.0000 0.001117 0.001455 0.005446 0.021527 -0.005770 -0.185599 38.5394811790 -218.8524586391 65.49058
J176 96AUG23 1996.6434 50318 867 5 141.1 4144 0.893912 4267381 0.286602 65 0.499812 0.0000 0.001124 0.001477 0.005458 0.069768 -0.080849 -0.184058 38.5394811736 -218.8524587049 65.49981
J176 96AUG24 1996.6461 50319 867 6 141.1 4144 0.895917 4267381 0.283117 65 0.487360 0.0000 0.001189 0.001576 0.005819 0.037360 -0.027720 -0.198682 38.5394811422 -218.8524586819 65.48736
J176 96AUG25 1996.6489 50320 868 0 141.1 4144 0.895594 4267381 0.287959 65 0.501023 0.0000 0.001203 0.001506 0.005605 0.000187 0.064399 -0.121031 38.5394811858 -218.8524586856 65.50102
J176 96AUG26 1996.6516 50321 868 1 141.1 4144 0.894331 4267381 0.287147 65 0.486919 0.0000 0.001164 0.001509 0.005755 0.034832 0.008860 -0.146857 38.5394811785 -218.8524587001 65.48692
J176 96AUG27 1996.6543 50322 868 2 141.1 4144 0.895414 4267381 0.285708 65 0.496378 0.0000 0.001137 0.001433 0.005481 0.011921 -0.014608 -0.195816 38.5394811655 -218.8524586877 65.49638
J176 96AUG28 1996.6571 50323 868 3 141.1 4144 0.893341 4267381 0.287610 65 0.495495 0.0000 0.001133 0.001454 0.005482 0.014604 -0.036164 -0.164520 38.5394811827 -218.8524587114 65.49550
J176 96AUG29 1996.6598 50324 868 4 141.1 4144 0.899368 4267381 0.288359 65 0.486659 0.0000 0.001211 0.001480 0.005675 0.011091 -0.066012 -0.159613 38.5394811894 -218.8524586423 65.48666
J176 96AUG30 1996.6626 50325 868 5 141.1 4144 0.891519 4267381 0.284403 65 0.487449 0.0000 0.001274 0.001596 0.005908 0.015616 -0.034504 -0.106073 38.5394811538 -218.8524587323 65.48745
J176 96AUG31 1996.6653 50326 868 6 141.1 4144 0.891831 4267381 0.285241 65 0.491016 0.0000 0.001125 0.001457 0.005349 0.008846 -0.027672 -0.133959 38.5394811613 -218.8524587288 65.49102
J176 96SEP01 1996.6680 50327 869 0 141.1 4144 0.893749 4267381 0.292898 65 0.490554 0.0000 0.001130 0.001459 0.005395 0.022056 -0.047727 -0.136589 38.5394812303 -218.8524587067 65.49055
J176 96SEP02 1996.6708 50328 869 1 141.1 4144 0.895093 4267381 0.292530 65 0.482625 0.0000 0.001155 0.001439 0.005484 0.028902 -0.037766 -0.197729 38.5394812270 -218.8524586913 65.48263
J176 96SEP03 1996.6735 50329 869 2 141.1 4144 0.895268 4267381 0.288160 65 0.472858 0.0000 0.001235 0.001528 0.005736 0.055088 -0.078216 -0.105592 38.5394811876 -218.8524586893 65.47286
J176 96SEP04 1996.6762 50330 869 3 141.1 4144 0.899927 4267381 0.288496 65 0.491050 0.0000 0.001217 0.001533 0.005735 0.048924 0.039851 -0.137545 38.5394811906 -218.8524586359 65.49105
J176 96SEP09 1996.6899 50335 870 1 141.1 4144 0.895043 4267381 0.286635 65 0.478226 0.0000 0.001239 0.001544 0.005822 0.010999 -0.018091 -0.166295 38.5394811739 -218.8524586919 65.47823
J176 96SEP10 1996.6927 50336 870 2 141.1 4144 0.899918 4267381 0.288452 65 0.477023 0.0000 0.001214 0.001522 0.005708 0.013934 0.015763 -0.150182 38.5394811902 -218.8524586360 65.47702
J176 96SEP11 1996.6954 50337 870 3 141.1 4144 0.894636 4267381 0.290164 65 0.469060 0.0000 0.001223 0.001489 0.005742 0.019953 -0.066610 -0.184804 38.5394812057 -218.8524586966 65.46906
J176 96SEP12 1996.6982 50338 870 4 141.1 4144 0.893578 4267381 0.287250 65 0.477115 0.0000 0.001177 0.001458 0.005554 0.011758 0.017331 -0.138227 38.5394811794 -218.8524587087 65.47711
J176 96SEP13 1996.7009 50339 870 5 141.1 4144 0.897272 4267381 0.293507 65 0.487374 0.0000 0.001211 0.001519 0.005801 -0.001845 -0.003966 -0.155495 38.5394812358 -218.8524586663 65.48737
J176 96SEP14 1996.7036 50340 870 6 141.1 4144 0.894080 4267381 0.287825 65 0.491358 0.0000 0.001176 0.001495 0.005703 0.020186 -0.063848 -0.134622 38.5394811846 -218.8524587030 65.49136
J176 96SEP15 1996.7064 50341 871 0 141.1 4144 0.892288 4267381 0.287715 65 0.477886 0.0000 0.001223 0.001540 0.005837 0.001047 0.049640 -0.186642 38.5394811836 -218.8524587235 65.47789
J176 96SEP16 1996.7091 50342 871 1 141.1 4144 0.894527 4267381 0.290246 65 0.483401 0.0000 0.001185 0.001452 0.005595 0.013347 -0.014480 -0.166553 38.5394812064 -218.8524586978 65.48340
J176 96SEP17 1996.7118 50343 871 2 141.1 4144 0.895528 4267381 0.287581 65 0.489570 0.0000 0.001135 0.001449 0.005380 0.037733 -0.038412 -0.155529 38.5394811824 -218.8524586863 65.48957
J176 96SEP18 1996.7146 50344 871 3 141.1 4144 0.894423 4267381 0.289659 65 0.477915 0.0000 0.001148 0.001467 0.005525 0.028072 -0.034230 -0.154057 38.5394812011 -218.8524586990 65.47792
J176 96SEP19 1996.7173 50345 871 4 141.1 4144 0.898973 4267381 0.288250 65 0.482113 0.0000 0.001178 0.001477 0.005647 0.035408 -0.033036 -0.145513 38.5394811884 -218.8524586468 65.48211
J176 96SEP20 1996.7201 50346 871 5 141.1 4144 0.900540 4267381 0.285251 65 0.481576 0.0000 0.001142 0.001467 0.005504 0.008037 -0.011261 -0.187689 38.5394811614 -218.8524586289 65.48158
J176 96SEP21 1996.7228 50347 871 6 141.1 4144 0.899601 4267381 0.287618 65 0.482893 0.0000 0.001170 0.001473 0.005522 0.014582 -0.008468 -0.136431 38.5394811827 -218.8524586396 65.48289
J176 96SEP22 1996.7255 50348 872 0 141.1 4144 0.896848 4267381 0.286406 65 0.490914 0.0000 0.001139 0.001455 0.005462 -0.009671 -0.011616 -0.151478 38.5394811718 -218.8524586712 65.49091
J176 96SEP23 1996.7283 50349 872 1 141.1 4144 0.895231 4267381 0.284148 65 0.477473 0.0000 0.001194 0.001446 0.005675 -0.004691 -0.033070 -0.216077 38.5394811515 -218.8524586898 65.47747
J176 96SEP24 1996.7310 50350 872 2 141.1 4144 0.899802 4267381 0.289411 65 0.465313 0.0000 0.001179 0.001451 0.005481 -0.009997 -0.087380 -0.212587 38.5394811989 -218.8524586373 65.46531
J176 96SEP25 1996.7337 50351 872 3 141.1 4144 0.899082 4267381 0.290926 65 0.467741 0.0000 0.001090 0.001379 0.005230 -0.001955 -0.039394 -0.229611 38.5394812125 -218.8524586456 65.46774
J176 96SEP26 1996.7365 50352 872 4 141.1 4144 0.898797 4267381 0.287934 65 0.481980 0.0000 0.001155 0.001452 0.005646 -0.013466 0.006459 -0.215105 38.5394811856 -218.8524586489 65.48198
J176 96SEP27 1996.7392 50353 872 5 141.1 4144 0.898119 4267381 0.287944 65 0.475693 0.0000 0.001179 0.001472 0.005744 -0.071756 0.045867 -0.250644 38.5394811857 -218.8524586566 65.47569
J176 96SEP28 1996.7420 50354 872 6 141.1 4144 0.897632 4267381 0.285678 65 0.477507 0.0000 0.001110 0.001399 0.005347 0.003156 -0.020815 -0.211694 38.5394811652 -218.8524586622 65.47751
J176 96SEP29 1996.7447 50355 873 0 141.1 4144 0.897490 4267381 0.286183 65 0.477118 0.0000 0.001093 0.001383 0.005227 -0.005468 -0.046787 -0.210032 38.5394811698 -218.8524586639 65.47712
J176 96SEP30 1996.7474 50356 873 1 141.1 4144 0.898413 4267381 0.286095 65 0.480494 0.0000 0.001111 0.001417 0.005378 -0.020152 -0.011750 -0.213060 38.5394811690 -218.8524586533 65.48049
J176 96OCT01 1996.7502 50357 873 2 141.1 4144 0.900546 4267381 0.287242 65 0.479916 0.0000 0.001161 0.001436 0.005522 -0.031304 0.010533 -0.204283 38.5394811793 -218.8524586288 65.47992
J176 96OCT02 1996.7529 50358 873 3 141.1 4144 0.897280 4267381 0.286617 65 0.477276 0.0000 0.001116 0.001366 0.005282 -0.000532 -0.043969 -0.215913 38.5394811737 -218.8524586663 65.47728
J176 96OCT03 1996.7556 50359 873 4 141.1 4144 0.899404 4267381 0.287627 65 0.475202 0.0000 0.001119 0.001351 0.005231 -0.016176 -0.021144 -0.177734 38.5394811828 -218.8524586419 65.47520
J176 96OCT04 1996.7584 50360 873 5 141.1 4144 0.891455 4267381 0.284261 65 0.494561 0.0000 0.001172 0.001425 0.005595 -0.025314 0.004582 -0.184636 38.5394811525 -218.8524587331 65.49456
J176 96OCT05 1996.7611 50361 873 6 141.1 4144 0.900491 4267381 0.290218 65 0.471601 0.0000 0.001146 0.001385 0.005386 -0.049978 0.016719 -0.214364 38.5394812061 -218.8524586294 65.47160
J176 96OCT06 1996.7639 50362 874 0 141.1 4144 0.896886 4267381 0.288286 65 0.478320 0.0000 0.001135 0.001373 0.005295 -0.038779 0.022726 -0.182497 38.5394811887 -218.8524586708 65.47832
J176 96OCT07 1996.7666 50363 874 1 141.1 4144 0.898707 4267381 0.285077 65 0.484724 0.0000 0.001140 0.001386 0.005217 -0.036032 0.037843 -0.133781 38.5394811598 -218.8524586499 65.48472
J176 96OCT08 1996.7693 50364 874 2 141.1 4144 0.895634 4267381 0.289800 65 0.479397 0.0000 0.001169 0.001417 0.005337 -0.042872 0.019119 -0.195355 38.5394812024 -218.8524586851 65.47940
J176 96OCT09 1996.7721 50365 874 3 141.1 4144 0.896312 4267381 0.289317 65 0.477036 0.0000 0.001197 0.001444 0.005550 -0.043190 0.050233 -0.200607 38.5394811980 -218.8524586773 65.47704
J176 96OCT10 1996.7748 50366 874 4 141.1 4144 0.895350 4267381 0.288367 65 0.468590 0.0000 0.001128 0.001368 0.005196 -0.046371 0.001588 -0.170265 38.5394811895 -218.8524586884 65.46859
J176 96OCT11 1996.7775 50367 874 5 141.1 4144 0.895431 4267381 0.288520 65 0.471317 0.0000 0.001078 0.001341 0.005008 -0.052480 0.005856 -0.182482 38.5394811908 -218.8524586875 65.47132
J176 96OCT12 1996.7803 50368 874 6 141.1 4144 0.896367 4267381 0.284980 65 0.477380 0.0000 0.001113 0.001352 0.005170 -0.019340 -0.044774 -0.168993 38.5394811590 -218.8524586767 65.47738
J176 96OCT13 1996.7830 50369 875 0 141.1 4144 0.895906 4267381 0.290802 65 0.481580 0.0000 0.001159 0.001402 0.005358 0.003615 -0.036546 -0.125818 38.5394812114 -218.8524586820 65.48158
J176 96OCT14 1996.7858 50370 875 1 141.1 4144 0.896322 4267381 0.284878 65 0.473888 0.0000 0.001165 0.001395 0.005340 0.004963 -0.056573 -0.096460 38.5394811580 -218.8524586773 65.47389
J176 96OCT15 1996.7885 50371 875 2 141.1 4144 0.897761 4267381 0.285483 65 0.487248 0.0000 0.001132 0.001380 0.005234 -0.020377 -0.007906 -0.129131 38.5394811635 -218.8524586607 65.48725
J176 96OCT16 1996.7912 50372 875 3 141.1 4144 0.896230 4267381 0.285220 65 0.473696 0.0000 0.001124 0.001358 0.005099 -0.025984 0.004649 -0.130457 38.5394811611 -218.8524586783 65.47370
J176 96OCT17 1996.7940 50373 875 4 141.1 4144 0.897026 4267381 0.287559 65 0.475797 0.0000 0.001102 0.001342 0.005116 -0.021655 -0.028834 -0.154326 38.5394811822 -218.8524586692 65.47580
J176 96OCT18 1996.7967 50374 875 5 141.1 4144 0.895861 4267381 0.287907 65 0.480133 0.0000 0.001117 0.001366 0.005236 -0.036172 -0.039365 -0.157496 38.5394811853 -218.8524586825 65.48013
J176 96OCT19 1996.7995 50375 875 6 141.1 4144 0.897909 4267381 0.288233 65 0.481025 0.0000 0.001122 0.001383 0.005221 -0.019730 -0.052895 -0.139472 38.5394811883 -218.8524586590 65.48102
J176 96OCT20 1996.8022 50376 876 0 141.1 4144 0.895381 4267381 0.289249 65 0.483292 0.0000 0.001099 0.001364 0.005128 -0.043359 -0.036885 -0.116192 38.5394811974 -218.8524586880 65.48329
J176 96OCT21 1996.8049 50377 876 1 141.1 4144 0.896138 4267381 0.287686 65 0.469759 0.0000 0.001094 0.001369 0.005160 -0.030458 0.003089 -0.136336 38.5394811833 -218.8524586794 65.46976
J176 96OCT22 1996.8077 50378 876 2 141.1 4144 0.896167 4267381 0.289898 65 0.468262 0.0000 0.001095 0.001356 0.005127 -0.023791 -0.033715 -0.125202 38.5394812033 -218.8524586790 65.46826
J176 96OCT23 1996.8104 50379 876 3 141.1 4144 0.896798 4267381 0.288781 65 0.475914 0.0000 0.001113 0.001345 0.005069 -0.026291 -0.019232 -0.156746 38.5394811932 -218.8524586718 65.47591
J176 96OCT24 1996.8131 50380 876 4 141.1 4144 0.896029 4267381 0.289640 65 0.473267 0.0000 0.001100 0.001354 0.005171 -0.019918 -0.006731 -0.104270 38.5394812009 -218.8524586806 65.47327
J176 96OCT25 1996.8159 50381 876 5 141.1 4144 0.896142 4267381 0.288051 65 0.485247 0.0000 0.001094 0.001341 0.005045 -0.062417 0.008278 -0.136912 38.5394811866 -218.8524586793 65.48525
J176 96OCT26 1996.8186 50382 876 6 141.1 4144 0.900085 4267381 0.285284 65 0.483457 0.0000 0.001120 0.001380 0.005282 -0.061727 0.008133 -0.150185 38.5394811617 -218.8524586341 65.48346
J176 96OCT27 1996.8214 50383 877 0 141.1 4144 0.898358 4267381 0.286529 65 0.478663 0.0000 0.001082 0.001334 0.005021 -0.059843 0.023325 -0.167048 38.5394811729 -218.8524586539 65.47866
J176 96OCT28 1996.8241 50384 877 1 141.1 4144 0.897703 4267381 0.287680 65 0.471547 0.0000 0.001099 0.001356 0.005117 -0.012778 -0.020629 -0.160683 38.5394811833 -218.8524586614 65.47155
J176 96OCT29 1996.8268 50385 877 2 141.1 4144 0.896782 4267381 0.287429 65 0.480392 0.0000 0.001084 0.001338 0.004985 -0.034283 -0.005180 -0.108885 38.5394811810 -218.8524586720 65.48039
J176 96OCT30 1996.8296 50386 877 3 141.1 4144 0.897553 4267381 0.290526 65 0.472478 0.0000 0.001121 0.001385 0.005137 -0.050888 0.000884 -0.128441 38.5394812089 -218.8524586631 65.47248
J176 96OCT31 1996.8323 50387 877 4 141.1 4144 0.899580 4267381 0.288545 65 0.486322 0.0000 0.001147 0.001387 0.005231 -0.055826 -0.001295 -0.161446 38.5394811911 -218.8524586399 65.48632
J176 96NOV01 1996.8350 50388 877 5 141.1 4144 0.898211 4267381 0.285375 65 0.489083 0.0000 0.001118 0.001335 0.005159 -0.041105 -0.013581 -0.169485 38.5394811625 -218.8524586556 65.48908
J176 96NOV02 1996.8378 50389 877 6 141.1 4144 0.894518 4267381 0.285532 65 0.483692 0.0000 0.001103 0.001339 0.005071 -0.024779 -0.030441 -0.153688 38.5394811639 -218.8524586979 65.48369
J176 96NOV03 1996.8405 50390 878 0 141.1 4144 0.894842 4267381 0.285626 65 0.477254 0.0000 0.001097 0.001322 0.005013 -0.051608 -0.006835 -0.169005 38.5394811648 -218.8524586942 65.47725
J176 96NOV04 1996.8433 50391 878 1 141.1 4144 0.898966 4267381 0.286571 65 0.472719 0.0000 0.001124 0.001384 0.005195 -0.014878 0.010692 -0.139438 38.5394811733 -218.8524586469 65.47272
J176 96NOV05 1996.8460 50392 878 2 141.1 4144 0.897093 4267381 0.286409 65 0.477974 0.0000 0.001159 0.001439 0.005377 -0.041362 0.019078 -0.174353 38.5394811718 -218.8524586684 65.47797
J176 96NOV06 1996.8487 50393 878 3 141.1 4144 0.895945 4267381 0.289347 65 0.483206 0.0000 0.001181 0.001472 0.005612 -0.006703 -0.014861 -0.191645 38.5394811983 -218.8524586816 65.48321
J176 96NOV07 1996.8515 50394 878 4 141.1 4144 0.895529 4267381 0.284883 65 0.475075 0.0000 0.001160 0.001441 0.005408 0.004905 -0.076745 -0.174972 38.5394811581 -218.8524586864 65.47507
J176 96NOV08 1996.8542 50395 878 5 141.1 4144 0.891461 4267381 0.283918 65 0.497283 0.0000 0.001226 0.001491 0.005722 -0.032934 -0.048387 -0.157626 38.5394811494 -218.8524587330 65.49728
J176 96NOV09 1996.8569 50396 878 6 141.1 4144 0.898853 4267381 0.285491 65 0.498389 0.0000 0.001160 0.001426 0.005377 -0.013380 0.007404 -0.185222 38.5394811636 -218.8524586482 65.49839
J176 96NOV10 1996.8597 50397 879 0 141.1 4144 0.895839 4267381 0.285386 65 0.484097 0.0000 0.001171 0.001467 0.005433 0.005899 -0.007606 -0.184009 38.5394811626 -218.8524586828 65.48410
J176 96NOV11 1996.8624 50398 879 1 141.1 4144 0.898071 4267381 0.286544 65 0.490089 0.0000 0.001162 0.001416 0.005382 -0.034130 -0.018442 -0.199336 38.5394811730 -218.8524586572 65.49009
J176 96NOV12 1996.8652 50399 879 2 141.1 4144 0.896741 4267381 0.285967 65 0.483255 0.0000 0.001144 0.001450 0.005361 -0.019573 -0.003586 -0.155610 38.5394811679 -218.8524586724 65.48326
J176 96NOV13 1996.8679 50400 879 3 141.1 4144 0.894287 4267381 0.291314 65 0.472970 0.0000 0.001125 0.001416 0.005285 -0.034265 -0.002848 -0.193035 38.5394812160 -218.8524587006 65.47297
J176 96NOV14 1996.8706 50401 879 4 141.1 4144 0.899692 4267381 0.285269 65 0.488039 0.0000 0.001168 0.001475 0.005539 -0.084655 0.095720 -0.203556 38.5394811616 -218.8524586386 65.48804
J176 96NOV15 1996.8734 50402 879 5 141.1 4144 0.896525 4267381 0.283892 65 0.482451 0.0000 0.001195 0.001447 0.005419 -0.057548 0.008000 -0.181435 38.5394811492 -218.8524586749 65.48245
J176 96NOV16 1996.8761 50403 879 6 141.1 4144 0.898340 4267381 0.286039 65 0.480082 0.0000 0.001189 0.001480 0.005492 -0.018017 -0.007322 -0.208435 38.5394811685 -218.8524586541 65.48008
J176 96NOV17 1996.8789 50404 880 0 141.1 4144 0.896106 4267381 0.286221 65 0.477568 0.0000 0.001183 0.001434 0.005503 -0.029881 -0.050116 -0.197314 38.5394811701 -218.8524586797 65.47757
J176 96NOV18 1996.8816 50405 880 1 141.1 4144 0.901274 4267381 0.285936 65 0.482101 0.0000 0.001202 0.001434 0.005525 -0.006435 -0.059463 -0.179504 38.5394811676 -218.8524586205 65.48210
J176 96NOV19 1996.8843 50406 880 2 141.1 4144 0.898987 4267381 0.284188 65 0.481321 0.0000 0.001172 0.001432 0.005475 -0.016682 -0.008770 -0.210861 38.5394811518 -218.8524586467 65.48132
J176 96NOV20 1996.8871 50407 880 3 141.1 4144 0.898808 4267381 0.286375 65 0.484209 0.0000 0.001179 0.001428 0.005474 -0.002148 -0.073906 -0.212873 38.5394811715 -218.8524586487 65.48421
J176 96NOV21 1996.8898 50408 880 4 141.1 4144 0.899881 4267381 0.292365 65 0.485771 0.0000 0.001161 0.001432 0.005480 -0.006021 0.007398 -0.185944 38.5394812255 -218.8524586364 65.48577
J176 96NOV22 1996.8925 50409 880 5 141.1 4144 0.898425 4267381 0.290006 65 0.486502 0.0000 0.001150 0.001420 0.005358 -0.021529 -0.038880 -0.151791 38.5394812042 -218.8524586531 65.48650
J176 96NOV23 1996.8953 50410 880 6 141.1 4144 0.897564 4267381 0.288376 65 0.477807 0.0000 0.001166 0.001472 0.005492 0.014999 -0.044773 -0.166685 38.5394811895 -218.8524586630 65.47781
J176 96NOV24 1996.8980 50411 881 0 141.1 4144 0.900409 4267381 0.287291 65 0.479273 0.0000 0.001177 0.001428 0.005485 -0.003901 -0.067875 -0.167364 38.5394811798 -218.8524586304 65.47927
J176 96NOV25 1996.9008 50412 881 1 141.1 4144 0.898604 4267381 0.288365 65 0.478340 0.0000 0.001149 0.001407 0.005507 -0.011346 -0.060519 -0.167497 38.5394811894 -218.8524586511 65.47834
J176 96NOV26 1996.9035 50413 881 2 141.1 4144 0.897809 4267381 0.289295 65 0.487263 0.0000 0.001178 0.001447 0.005625 -0.087415 0.017974 -0.245901 38.5394811978 -218.8524586602 65.48726
J176 96NOV27 1996.9062 50414 881 3 141.1 4144 0.900813 4267381 0.289879 65 0.479957 0.0000 0.001164 0.001430 0.005408 0.009493 0.013941 -0.189888 38.5394812031 -218.8524586257 65.47996
J176 96NOV28 1996.9090 50415 881 4 141.1 4144 0.897178 4267381 0.286373 65 0.474279 0.0000 0.001248 0.001484 0.005666 -0.017283 -0.035872 -0.139226 38.5394811715 -218.8524586674 65.47428
J176 96NOV29 1996.9117 50416 881 5 141.1 4144 0.899928 4267381 0.287196 65 0.475987 0.0000 0.001207 0.001454 0.005514 -0.058444 0.035800 -0.126103 38.5394811789 -218.8524586359 65.47599
J176 96NOV30 1996.9144 50417 881 6 141.1 4144 0.897611 4267381 0.293763 65 0.484293 0.0000 0.001277 0.001641 0.005913 -0.044317 0.012172 -0.140044 38.5394812381 -218.8524586624 65.48429
J176 96DEC01 1996.9172 50418 882 0 141.1 4144 0.900809 4267381 0.288282 65 0.484505 0.0000 0.001217 0.001460 0.005584 -0.060186 -0.016993 -0.162747 38.5394811887 -218.8524586258 65.48450
J176 96DEC02 1996.9199 50419 882 1 141.1 4144 0.895186 4267381 0.287157 65 0.478307 0.0000 0.001207 0.001506 0.005674 -0.025860 -0.000575 -0.160162 38.5394811786 -218.8524586903 65.47831
J176 96DEC03 1996.9227 50420 882 2 141.1 4144 0.896744 4267381 0.286681 65 0.482192 0.0000 0.001177 0.001536 0.005775 0.020861 -0.037255 -0.141989 38.5394811743 -218.8524586724 65.48219
J176 96DEC04 1996.9254 50421 882 3 141.1 4144 0.895897 4267381 0.287371 65 0.480082 0.0000 0.001179 0.001465 0.005605 0.005061 -0.032528 -0.177988 38.5394811805 -218.8524586821 65.48008
J176 96DEC05 1996.9281 50422 882 4 141.1 4144 0.898443 4267381 0.284818 65 0.480838 0.0000 0.001205 0.001527 0.005907 -0.001557 -0.038350 -0.210492 38.5394811575 -218.8524586529 65.48084
J176 96DEC06 1996.9309 50423 882 5 141.1 4144 0.896436 4267381 0.286520 65 0.481922 0.0000 0.001140 0.001435 0.005421 -0.004046 -0.028507 -0.143741 38.5394811728 -218.8524586759 65.48192
J176 96DEC07 1996.9336 50424 882 6 141.1 4144 0.902126 4267381 0.290027 65 0.480215 0.0000 0.001144 0.001421 0.005431 -0.006713 0.011598 -0.195702 38.5394812044 -218.8524586107 65.48022
J176 96DEC08 1996.9363 50425 883 0 141.1 4144 0.899378 4267381 0.286328 65 0.474204 0.0000 0.001151 0.001425 0.005442 -0.011538 0.012746 -0.180633 38.5394811711 -218.8524586422 65.47420
J176 96DEC09 1996.9391 50426 883 1 141.1 4144 0.896579 4267381 0.283217 65 0.476120 0.0000 0.001173 0.001480 0.005611 -0.015458 0.015540 -0.204261 38.5394811431 -218.8524586743 65.47612
J176 96DEC10 1996.9418 50427 883 2 141.1 4144 0.895740 4267381 0.287926 65 0.485208 0.0000 0.001216 0.001524 0.005799 -0.011235 -0.035135 -0.181446 38.5394811855 -218.8524586839 65.48521
J176 96DEC11 1996.9446 50428 883 3 141.1 4144 0.902132 4267381 0.288093 65 0.477912 0.0000 0.001234 0.001537 0.005831 0.047536 0.005685 -0.127121 38.5394811870 -218.8524586106 65.47791
J176 96DEC12 1996.9473 50429 883 4 141.1 4144 0.899147 4267381 0.288232 65 0.474208 0.0000 0.001149 0.001440 0.005504 -0.007817 -0.019086 -0.151478 38.5394811883 -218.8524586448 65.47421
J176 96DEC13 1996.9500 50430 883 5 141.1 4144 0.896416 4267381 0.287806 65 0.477227 0.0000 0.001172 0.001424 0.005514 0.014323 -0.078845 -0.176333 38.5394811844 -218.8524586762 65.47723
J176 96DEC14 1996.9528 50431 883 6 141.1 4144 0.900232 4267381 0.290438 65 0.471136 0.0000 0.001136 0.001429 0.005347 0.004938 -0.007034 -0.170661 38.5394812081 -218.8524586324 65.47114
J176 96DEC15 1996.9555 50432 884 0 141.1 4144 0.899381 4267381 0.289808 65 0.477490 0.0000 0.001175 0.001474 0.005483 0.012877 -0.021363 -0.125998 38.5394812025 -218.8524586421 65.47749
J176 96DEC16 1996.9582 50433 884 1 141.1 4144 0.899991 4267381 0.290128 65 0.475725 0.0000 0.001172 0.001405 0.005443 -0.038350 -0.009773 -0.156671 38.5394812053 -218.8524586351 65.47573
J176 96DEC17 1996.9610 50434 884 2 141.1 4144 0.895530 4267381 0.291595 65 0.480575 0.0000 0.001287 0.001591 0.005961 0.028457 -0.038263 -0.148593 38.5394812185 -218.8524586863 65.48057
J176 96DEC18 1996.9637 50435 884 3 141.1 4144 0.898550 4267381 0.288790 65 0.479836 0.0000 0.001136 0.001382 0.005295 -0.010366 -0.024603 -0.135184 38.5394811933 -218.8524586517 65.47984
J176 96DEC19 1996.9665 50436 884 4 141.1 4144 0.892733 4267381 0.286579 65 0.474176 0.0000 0.001156 0.001436 0.005418 0.022585 -0.025277 -0.129724 38.5394811734 -218.8524587184 65.47418
J176 96DEC20 1996.9692 50437 884 5 141.1 4144 0.897934 4267381 0.287593 65 0.477646 0.0000 0.001167 0.001492 0.005446 0.002230 -0.029679 -0.153694 38.5394811825 -218.8524586588 65.47765
J176 96DEC21 1996.9719 50438 884 6 141.1 4144 0.897868 4267381 0.289073 65 0.482363 0.0000 0.001140 0.001399 0.005273 -0.013838 -0.008122 -0.099215 38.5394811958 -218.8524586595 65.48236
J176 96DEC22 1996.9747 50439 885 0 141.1 4144 0.900677 4267381 0.286648 65 0.480172 0.0000 0.001131 0.001368 0.005159 -0.025697 0.003902 -0.119562 38.5394811740 -218.8524586273 65.48017
J176 96DEC23 1996.9774 50440 885 1 141.1 4144 0.892610 4267381 0.286549 65 0.486749 0.0000 0.001136 0.001396 0.005324 -0.021222 -0.019686 -0.101475 38.5394811731 -218.8524587198 65.48675
J176 96DEC24 1996.9802 50441 885 2 141.1 4144 0.897504 4267381 0.287346 65 0.474757 0.0000 0.001168 0.001420 0.005351 -0.015271 -0.046469 -0.111153 38.5394811803 -218.8524586637 65.47476
J176 96DEC25 1996.9829 50442 885 3 141.1 4144 0.897961 4267381 0.288156 65 0.478950 0.0000 0.001172 0.001397 0.005412 -0.027006 -0.041925 -0.127674 38.5394811876 -218.8524586584 65.47895
J176 96DEC26 1996.9856 50443 885 4 141.1 4144 0.891550 4267381 0.290332 65 0.459999 0.0000 0.001132 0.001375 0.005235 -0.020591 -0.029323 -0.150906 38.5394812072 -218.8524587320 65.46000
J176 96DEC27 1996.9884 50444 885 5 141.1 4144 0.893900 4267381 0.291743 65 0.481142 0.0000 0.001177 0.001408 0.005349 -0.008238 -0.063257 -0.158408 38.5394812199 -218.8524587050 65.48114
J176 96DEC28 1996.9911 50445 885 6 141.1 4144 0.893846 4267381 0.289099 65 0.483374 0.0000 0.001155 0.001404 0.005329 -0.009945 -0.019243 -0.141575 38.5394811961 -218.8524587056 65.48337
J176 96DEC29 1996.9938 50446 886 0 141.1 4144 0.892318 4267381 0.288638 65 0.472784 0.0000 0.001124 0.001366 0.005168 -0.011899 -0.024655 -0.163910 38.5394811919 -218.8524587232 65.47278
J176 96DEC30 1996.9966 50447 886 1 141.1 4144 0.893887 4267381 0.289854 65 0.476423 0.0000 0.001243 0.001506 0.005694 0.009694 -0.071565 -0.116269 38.5394812029 -218.8524587052 65.47642
J176 96DEC31 1996.9993 50448 886 2 141.1 4144 0.893043 4267381 0.292434 65 0.468668 0.0000 0.001236 0.001443 0.005532 -0.019758 -0.085836 -0.123046 38.5394812261 -218.8524587148 65.46867
J176 97JAN01 1997.0021 50449 886 3 141.1 4144 0.892898 4267381 0.291579 65 0.467942 0.0000 0.001239 0.001465 0.005499 -0.044142 -0.047929 -0.114461 38.5394812184 -218.8524587165 65.46794
J176 97JAN02 1997.0048 50450 886 4 141.1 4144 0.896880 4267381 0.290209 65 0.473188 0.0000 0.001195 0.001476 0.005545 0.006168 -0.111656 -0.147059 38.5394812061 -218.8524586708 65.47319
J176 97JAN03 1997.0075 50451 886 5 141.1 4144 0.893891 4267381 0.283867 65 0.490224 0.0000 0.001165 0.001444 0.005427 0.027357 -0.060992 -0.181085 38.5394811489 -218.8524587052 65.49022
J176 97JAN04 1997.0103 50452 886 6 141.1 4144 0.893911 4267381 0.290478 65 0.469875 0.0000 0.001165 0.001408 0.005351 -0.029044 -0.027510 -0.153939 38.5394812085 -218.8524587049 65.46987
J176 97JAN05 1997.0130 50453 887 0 141.1 4144 0.894036 4267381 0.289028 65 0.469600 0.0000 0.001154 0.001393 0.005254 -0.026509 -0.036871 -0.154486 38.5394811954 -218.8524587035 65.46960
J176 97JAN06 1997.0157 50454 887 1 141.1 4144 0.897927 4267381 0.293524 65 0.448520 0.0000 0.001187 0.001474 0.005485 0.023744 -0.068116 -0.169083 38.5394812359 -218.8524586588 65.44852
J176 97JAN07 1997.0185 50455 887 2 141.1 4144 0.894939 4267381 0.291898 65 0.476590 0.0000 0.001153 0.001410 0.005321 0.011812 -0.044909 -0.138084 38.5394812213 -218.8524586931 65.47659
J176 97JAN08 1997.0212 50456 887 3 141.1 4144 0.896736 4267381 0.291390 65 0.476958 0.0000 0.001143 0.001375 0.005237 -0.011780 -0.055951 -0.153901 38.5394812167 -218.8524586725 65.47696
J176 97JAN09 1997.0240 50457 887 4 141.1 4144 0.895089 4267381 0.286146 65 0.481460 0.0000 0.001201 0.001436 0.005487 -0.001299 -0.046610 -0.133822 38.5394811695 -218.8524586914 65.48146
J176 97JAN10 1997.0267 50458 887 5 141.1 4144 0.897806 4267381 0.283764 65 0.473312 0.0000 0.001169 0.001431 0.005393 -0.013972 -0.008032 -0.188339 38.5394811480 -218.8524586602 65.47331
J176 97JAN11 1997.0294 50459 887 6 141.1 4144 0.894873 4267381 0.291646 65 0.470195 0.0000 0.001184 0.001393 0.005450 0.015361 -0.043151 -0.156380 38.5394812190 -218.8524586938 65.47019
J176 97JAN12 1997.0322 50460 888 0 141.1 4144 0.893913 4267381 0.297414 65 0.468780 0.0000 0.001161 0.001410 0.005348 -0.035997 -0.028770 -0.143845 38.5394812710 -218.8524587048 65.46878
J176 97JAN13 1997.0349 50461 888 1 141.1 4144 0.894336 4267381 0.292069 65 0.471294 0.0000 0.001161 0.001359 0.005312 0.006857 -0.073881 -0.142971 38.5394812228 -218.8524587000 65.47129
J176 97JAN14 1997.0376 50462 888 2 141.1 4144 0.891389 4267381 0.293745 65 0.475725 0.0000 0.001212 0.001412 0.005467 -0.026873 -0.070511 -0.110281 38.5394812379 -218.8524587338 65.47572
J176 97JAN15 1997.0404 50463 888 3 141.1 4144 0.896424 4267381 0.285741 65 0.481555 0.0000 0.001162 0.001422 0.005432 -0.020599 -0.037885 -0.160737 38.5394811658 -218.8524586761 65.48156
J176 97JAN16 1997.0431 50464 888 4 141.1 4144 0.892721 4267381 0.290313 65 0.475611 0.0000 0.001122 0.001362 0.005173 -0.025687 -0.008020 -0.137464 38.5394812070 -218.8524587185 65.47561
J176 97JAN17 1997.0459 50465 888 5 141.1 4144 0.896106 4267381 0.288690 65 0.480625 0.0000 0.001188 0.001483 0.005588 0.003374 -0.059881 -0.184816 38.5394811924 -218.8524586797 65.48062
J176 97JAN18 1997.0486 50466 888 6 141.1 4144 0.898680 4267381 0.284767 65 0.485377 0.0000 0.001148 0.001435 0.005395 0.007785 -0.032234 -0.191265 38.5394811570 -218.8524586502 65.48538
J176 97JAN19 1997.0513 50467 889 0 141.1 4144 0.896810 4267381 0.284779 65 0.492081 0.0000 0.001143 0.001401 0.005315 -0.016202 -0.042965 -0.170204 38.5394811572 -218.8524586717 65.49208
J176 97JAN20 1997.0541 50468 889 1 141.1 4144 0.890222 4267381 0.286546 65 0.470399 0.0000 0.001172 0.001415 0.005422 0.013006 -0.074338 -0.153743 38.5394811731 -218.8524587472 65.47040
J176 97JAN21 1997.0568 50469 889 2 141.1 4144 0.892075 4267381 0.286122 65 0.472325 0.0000 0.001129 0.001402 0.005224 -0.024858 -0.013095 -0.175966 38.5394811692 -218.8524587260 65.47232
J176 97JAN22 1997.0595 50470 889 3 141.1 4144 0.892758 4267381 0.292354 65 0.477120 0.0000 0.001219 0.001409 0.005533 -0.003543 0.001434 -0.173114 38.5394812254 -218.8524587181 65.47712
J176 97JAN23 1997.0623 50471 889 4 141.1 4144 0.891432 4267381 0.293198 65 0.468142 0.0000 0.001197 0.001405 0.005441 -0.006764 -0.088143 -0.169567 38.5394812330 -218.8524587333 65.46814
J176 97JAN24 1997.0650 50472 889 5 141.1 4144 0.894687 4267381 0.287455 65 0.473130 0.0000 0.001155 0.001379 0.005255 0.021190 -0.075750 -0.154345 38.5394811813 -218.8524586960 65.47313
J176 97JAN25 1997.0678 50473 889 6 141.1 4144 0.891474 4267381 0.286560 65 0.481742 0.0000 0.001196 0.001429 0.005521 0.021296 -0.080863 -0.127600 38.5394811732 -218.8524587329 65.48174
J176 97JAN26 1997.0705 50474 890 0 141.1 4144 0.890968 4267381 0.287039 65 0.493558 0.0000 0.001153 0.001382 0.005283 -0.015263 -0.022781 -0.157797 38.5394811775 -218.8524587387 65.49356
J176 97JAN27 1997.0732 50475 890 1 141.1 4144 0.889971 4267381 0.295977 65 0.461095 0.0000 0.001276 0.001529 0.005826 -0.045342 -0.044126 -0.193227 38.5394812580 -218.8524587500 65.46110
J176 97JAN28 1997.0760 50476 890 2 141.1 4144 0.892762 4267381 0.290952 65 0.480636 0.0000 0.001152 0.001406 0.005351 0.007188 -0.023664 -0.149531 38.5394812128 -218.8524587181 65.48064
J176 97JAN29 1997.0787 50477 890 3 141.1 4144 0.892708 4267381 0.290649 65 0.474187 0.0000 0.001358 0.001519 0.006008 -0.013739 -0.108374 -0.129857 38.5394812100 -218.8524587187 65.47419
J176 97JAN30 1997.0815 50478 890 4 141.1 4144 0.892992 4267381 0.286489 65 0.480792 0.0000 0.001127 0.001393 0.005184 -0.027540 -0.030425 -0.121474 38.5394811726 -218.8524587154 65.48079
J176 97JAN31 1997.0842 50479 890 5 141.1 4144 0.890834 4267381 0.287804 65 0.473506 0.0000 0.001191 0.001446 0.005469 -0.018042 -0.027089 -0.097995 38.5394811844 -218.8524587402 65.47351
J176 97FEB01 1997.0869 50480 890 6 141.1 4144 0.895532 4267381 0.284737 65 0.476876 0.0000 0.001123 0.001359 0.005119 -0.012174 -0.038165 -0.151902 38.5394811568 -218.8524586863 65.47688
J176 97FEB02 1997.0897 50481 891 0 141.1 4144 0.893262 4267381 0.286425 65 0.474255 0.0000 0.001066 0.001317 0.004849 -0.054640 0.015013 -0.158192 38.5394811720 -218.8524587123 65.47425
J176 97FEB03 1997.0924 50482 891 1 141.1 4144 0.893721 4267381 0.288207 65 0.485544 0.0000 0.001064 0.001334 0.004874 -0.019699 -0.018679 -0.149831 38.5394811880 -218.8524587071 65.48554
J176 97FEB04 1997.0951 50483 891 2 141.1 4144 0.897016 4267381 0.284758 65 0.480938 0.0000 0.001121 0.001468 0.005188 -0.035085 0.008877 -0.182067 38.5394811570 -218.8524586693 65.48094
J176 97FEB05 1997.0979 50484 891 3 141.1 4144 0.889796 4267381 0.284249 65 0.474327 0.0000 0.001082 0.001363 0.004916 -0.044415 -0.021963 -0.111835 38.5394811524 -218.8524587521 65.47433
J176 97FEB06 1997.1006 50485 891 4 141.1 4144 0.892883 4267381 0.286270 65 0.481054 0.0000 0.001058 0.001321 0.004807 -0.044279 -0.008360 -0.121513 38.5394811706 -218.8524587167 65.48105
J176 97FEB07 1997.1034 50486 891 5 141.1 4144 0.888367 4267381 0.287419 65 0.476985 0.0000 0.001059 0.001307 0.004802 -0.032310 -0.029790 -0.110014 38.5394811809 -218.8524587685 65.47699
J176 97FEB08 1997.1061 50487 891 6 141.1 4144 0.886766 4267381 0.288676 65 0.475115 0.0000 0.001065 0.001309 0.004812 -0.034566 -0.010226 -0.127793 38.5394811923 -218.8524587868 65.47511
J176 97FEB09 1997.1088 50488 892 0 141.1 4144 0.887768 4267381 0.287695 65 0.468471 0.0000 0.001064 0.001303 0.004808 -0.034750 -0.033061 -0.133874 38.5394811834 -218.8524587754 65.46847
J176 97FEB10 1997.1116 50489 892 1 141.1 4144 0.891104 4267381 0.286443 65 0.480003 0.0000 0.001110 0.001423 0.005135 -0.023890 -0.008842 -0.173256 38.5394811721 -218.8524587371 65.48000
J176 97FEB11 1997.1143 50490 892 2 141.1 4144 0.887013 4267381 0.286694 65 0.475614 0.0000 0.001075 0.001304 0.004880 -0.030614 -0.013314 -0.147915 38.5394811744 -218.8524587840 65.47561
J176 97FEB12 1997.1170 50491 892 3 141.1 4144 0.888084 4267381 0.286454 65 0.480438 0.0000 0.001049 0.001295 0.004758 -0.040210 -0.014118 -0.109694 38.5394811722 -218.8524587717 65.48044
J176 97FEB13 1997.1198 50492 892 4 141.1 4144 0.885059 4267381 0.285888 65 0.478620 0.0000 0.001091 0.001311 0.004876 -0.038161 -0.009188 -0.131804 38.5394811671 -218.8524588064 65.47862
J176 97FEB14 1997.1225 50493 892 5 141.1 4144 0.885919 4267381 0.286229 65 0.474162 0.0000 0.001082 0.001317 0.004930 -0.031925 -0.022544 -0.145062 38.5394811702 -218.8524587966 65.47416
J176 97FEB15 1997.1253 50494 892 6 141.1 4144 0.890045 4267381 0.285293 65 0.469619 0.0000 0.001131 0.001385 0.005167 -0.035197 -0.027638 -0.158381 38.5394811618 -218.8524587493 65.46962
J176 97FEB16 1997.1280 50495 893 0 141.1 4144 0.890600 4267381 0.284368 65 0.477961 0.0000 0.001067 0.001305 0.004822 -0.049943 -0.007862 -0.118624 38.5394811534 -218.8524587429 65.47796
J176 97FEB17 1997.1307 50496 893 1 141.1 4144 0.887602 4267381 0.287067 65 0.456566 0.0000 0.001072 0.001309 0.004827 -0.038920 0.012122 -0.091410 38.5394811778 -218.8524587773 65.45657
J176 97FEB18 1997.1335 50497 893 2 141.1 4144 0.887523 4267381 0.284544 65 0.470242 0.0000 0.001085 0.001334 0.004906 -0.034131 0.014108 -0.122775 38.5394811550 -218.8524587782 65.47024
J176 97FEB19 1997.1362 50498 893 3 141.1 4144 0.885816 4267381 0.285102 65 0.464955 0.0000 0.001102 0.001337 0.004954 -0.047929 -0.033365 -0.138898 38.5394811601 -218.8524587978 65.46496
J176 97FEB20 1997.1389 50499 893 4 141.1 4144 0.886404 4267381 0.286195 65 0.477218 0.0000 0.001065 0.001297 0.004793 -0.034817 -0.021686 -0.133034 38.5394811699 -218.8524587910 65.47722
J176 97FEB21 1997.1417 50500 893 5 141.1 4144 0.886411 4267381 0.284325 65 0.474190 0.0000 0.001073 0.001309 0.004829 -0.043562 0.012544 -0.119072 38.5394811531 -218.8524587909 65.47419
J176 97FEB22 1997.1444 50501 893 6 141.1 4144 0.888093 4267381 0.283840 65 0.476787 0.0000 0.001090 0.001334 0.004922 -0.042363 -0.002280 -0.087763 38.5394811487 -218.8524587717 65.47679
J176 97FEB23 1997.1472 50502 894 0 141.1 4144 0.889660 4267381 0.286959 65 0.474172 0.0000 0.001084 0.001332 0.004848 -0.020072 -0.003582 -0.121035 38.5394811768 -218.8524587537 65.47417
J176 97FEB24 1997.1499 50503 894 1 141.1 4144 0.886064 4267381 0.282374 65 0.477429 0.0000 0.001155 0.001366 0.005258 0.001318 -0.002237 -0.120934 38.5394811355 -218.8524587949 65.47743
J176 97FEB25 1997.1526 50504 894 2 141.1 4144 0.885567 4267381 0.281435 65 0.483881 0.0000 0.001141 0.001387 0.005211 -0.008897 -0.021598 -0.100517 38.5394811270 -218.8524588006 65.48388
J176 97FEB26 1997.1554 50505 894 3 141.1 4144 0.887976 4267381 0.280919 65 0.479786 0.0000 0.001185 0.001426 0.005439 -0.027038 -0.080420 -0.136970 38.5394811224 -218.8524587730 65.47979
J176 97FEB27 1997.1581 50506 894 4 141.1 4144 0.888841 4267381 0.284390 65 0.478107 0.0000 0.001173 0.001405 0.005325 -0.008683 -0.010752 -0.111713 38.5394811536 -218.8524587631 65.47811
J176 97FEB28 1997.1608 50507 894 5 141.1 4144 0.890798 4267381 0.283241 65 0.490079 0.0000 0.001223 0.001480 0.005554 -0.036436 -0.017652 -0.056514 38.5394811433 -218.8524587406 65.49008
J176 97MAR01 1997.1636 50508 894 6 141.1 4144 0.886291 4267381 0.279010 65 0.477718 0.0000 0.001305 0.001575 0.006009 -0.030578 -0.006496 -0.156515 38.5394811052 -218.8524587923 65.47772
J176 97MAR02 1997.1663 50509 895 0 141.1 4144 0.888988 4267381 0.287656 65 0.488121 0.0000 0.001209 0.001452 0.005546 -0.000047 -0.054222 -0.118215 38.5394811831 -218.8524587614 65.48812
J176 97MAR03 1997.1691 50510 895 1 141.1 4144 0.886997 4267381 0.283701 65 0.474070 0.0000 0.001150 0.001390 0.005275 0.012322 -0.044891 -0.100686 38.5394811474 -218.8524587842 65.47407
J176 97MAR04 1997.1718 50511 895 2 141.1 4144 0.885785 4267381 0.288872 65 0.479220 0.0000 0.001176 0.001412 0.005351 -0.013301 -0.011971 -0.090718 38.5394811940 -218.8524587981 65.47922
J176 97MAR05 1997.1745 50512 895 3 141.1 4144 0.887742 4267381 0.290516 65 0.477576 0.0000 0.001164 0.001370 0.005222 -0.023567 -0.036070 -0.114966 38.5394812088 -218.8524587756 65.47758
J176 97MAR06 1997.1773 50513 895 4 141.1 4144 0.887493 4267381 0.288016 65 0.488904 0.0000 0.001159 0.001402 0.005347 -0.027050 -0.065863 -0.117551 38.5394811863 -218.8524587785 65.48890
J176 97MAR07 1997.1800 50514 895 5 141.1 4144 0.884344 4267381 0.286354 65 0.484711 0.0000 0.001172 0.001430 0.005442 -0.052821 -0.008026 -0.108702 38.5394811713 -218.8524588146 65.48471
J176 97MAR08 1997.1828 50515 895 6 141.1 4144 0.894647 4267381 0.282233 65 0.487365 0.0000 0.001205 0.001442 0.005558 0.006884 -0.021191 -0.149847 38.5394811342 -218.8524586965 65.48736
J176 97MAR09 1997.1855 50516 896 0 141.1 4144 0.892909 4267381 0.287315 65 0.479648 0.0000 0.001163 0.001388 0.005306 -0.038207 -0.021799 -0.129675 38.5394811800 -218.8524587164 65.47965
J176 97MAR10 1997.1882 50517 896 1 141.1 4144 0.889292 4267381 0.283722 65 0.486324 0.0000 0.001145 0.001388 0.005278 -0.017588 -0.071131 -0.100975 38.5394811476 -218.8524587579 65.48632
J176 97MAR11 1997.1910 50518 896 2 141.1 4144 0.887071 4267381 0.282491 65 0.491305 0.0000 0.001170 0.001392 0.005330 -0.014178 -0.070907 -0.089361 38.5394811365 -218.8524587834 65.49130
J176 97MAR12 1997.1937 50519 896 3 141.1 4144 0.886699 4267381 0.286121 65 0.485782 0.0000 0.001142 0.001391 0.005259 -0.030285 -0.028381 -0.096423 38.5394811692 -218.8524587876 65.48578
J176 97MAR13 1997.1964 50520 896 4 141.1 4144 0.886572 4267381 0.286365 65 0.487218 0.0000 0.001165 0.001384 0.005363 -0.026043 -0.087700 -0.125463 38.5394811714 -218.8524587891 65.48722
J176 97MAR14 1997.1992 50521 896 5 141.1 4144 0.890354 4267381 0.283570 65 0.478852 0.0000 0.001146 0.001352 0.005168 -0.026338 -0.012105 -0.147864 38.5394811463 -218.8524587457 65.47885
J176 97MAR15 1997.2019 50522 896 6 141.1 4144 0.887453 4267381 0.281309 65 0.481679 0.0000 0.001157 0.001371 0.005297 -0.006872 -0.009199 -0.141688 38.5394811259 -218.8524587790 65.48168
J176 97MAR16 1997.2047 50523 897 0 141.1 4144 0.888020 4267381 0.282390 65 0.476844 0.0000 0.001113 0.001329 0.005079 -0.022113 -0.048202 -0.139468 38.5394811356 -218.8524587725 65.47684
J176 97MAR17 1997.2074 50524 897 1 141.1 4144 0.885786 4267381 0.284924 65 0.475000 0.0000 0.001159 0.001361 0.005284 -0.009541 -0.025585 -0.161921 38.5394811585 -218.8524587981 65.47500
J176 97MAR18 1997.2101 50525 897 2 141.1 4144 0.889935 4267381 0.288873 65 0.480376 0.0000 0.001120 0.001341 0.005153 -0.014372 -0.061897 -0.149857 38.5394811940 -218.8524587505 65.48038
J176 97MAR19 1997.2129 50526 897 3 141.1 4144 0.885693 4267381 0.282897 65 0.482665 0.0000 0.001120 0.001346 0.005153 -0.024649 -0.028247 -0.163856 38.5394811402 -218.8524587992 65.48266
J176 97MAR20 1997.2156 50527 897 4 141.1 4144 0.887644 4267381 0.281781 65 0.485768 0.0000 0.001178 0.001390 0.005414 -0.026322 -0.021916 -0.154182 38.5394811301 -218.8524587768 65.48577
J176 97MAR21 1997.2183 50528 897 5 141.1 4144 0.887758 4267381 0.286764 65 0.475682 0.0000 0.001153 0.001374 0.005330 0.014747 -0.038280 -0.131073 38.5394811750 -218.8524587755 65.47568
J176 97MAR22 1997.2211 50529 897 6 141.1 4144 0.887996 4267381 0.287943 65 0.477461 0.0000 0.001110 0.001354 0.005148 -0.015062 -0.050990 -0.145075 38.5394811857 -218.8524587727 65.47746
J176 97MAR23 1997.2238 50530 898 0 141.1 4144 0.888199 4267381 0.285194 65 0.485078 0.0000 0.001113 0.001368 0.005169 0.001770 -0.011587 -0.120819 38.5394811609 -218.8524587704 65.48508
J176 97MAR24 1997.2266 50531 898 1 141.1 4144 0.884776 4267381 0.277748 65 0.484375 0.0000 0.001159 0.001368 0.005295 -0.011159 -0.061613 -0.147892 38.5394810938 -218.8524588097 65.48437
J176 97MAR25 1997.2293 50532 898 2 141.1 4144 0.886904 4267381 0.282187 65 0.483617 0.0000 0.001159 0.001369 0.005347 -0.016235 0.010056 -0.169746 38.5394811338 -218.8524587853 65.48362
J176 97MAR26 1997.2320 50533 898 3 141.1 4144 0.884212 4267381 0.283088 65 0.481026 0.0000 0.001144 0.001401 0.005299 -0.010584 -0.065702 -0.142136 38.5394811419 -218.8524588162 65.48103
J176 97MAR27 1997.2348 50534 898 4 141.1 4144 0.886847 4267381 0.279734 65 0.476450 0.0000 0.001118 0.001377 0.005176 -0.000496 -0.044917 -0.154818 38.5394811117 -218.8524587860 65.47645
J176 97MAR28 1997.2375 50535 898 5 141.1 4144 0.884284 4267381 0.282851 65 0.471551 0.0000 0.001112 0.001362 0.005159 -0.004782 -0.006043 -0.156550 38.5394811398 -218.8524588153 65.47155
J176 97MAR29 1997.2402 50536 898 6 141.1 4144 0.889363 4267381 0.280060 65 0.488377 0.0000 0.001187 0.001397 0.005423 -0.000836 -0.012788 -0.141161 38.5394811146 -218.8524587571 65.48838
J176 97MAR30 1997.2430 50537 899 0 141.1 4144 0.886851 4267381 0.282809 65 0.467006 0.0000 0.001131 0.001374 0.005250 -0.013816 -0.014231 -0.166591 38.5394811394 -218.8524587859 65.46701
J176 97MAR31 1997.2457 50538 899 1 141.1 4144 0.884708 4267381 0.280058 65 0.476087 0.0000 0.001221 0.001379 0.005510 0.034108 0.013116 -0.161085 38.5394811146 -218.8524588105 65.47609
J176 97APR01 1997.2485 50539 899 2 141.1 4144 0.890534 4267381 0.282487 65 0.475651 0.0000 0.001136 0.001352 0.005237 -0.017015 -0.010570 -0.155936 38.5394811365 -218.8524587437 65.47565
J176 97APR02 1997.2512 50540 899 3 141.1 4144 0.887998 4267381 0.280659 65 0.476735 0.0000 0.001130 0.001376 0.005225 -0.026927 -0.019376 -0.113525 38.5394811200 -218.8524587728 65.47673
J176 97APR03 1997.2539 50541 899 4 141.1 4144 0.886999 4267381 0.279089 65 0.485162 0.0000 0.001123 0.001359 0.005187 -0.007563 -0.023070 -0.122849 38.5394811059 -218.8524587842 65.48516
J176 97APR04 1997.2567 50542 899 5 141.1 4144 0.888988 4267381 0.282152 65 0.486323 0.0000 0.001145 0.001386 0.005304 0.019588 -0.047836 -0.119256 38.5394811335 -218.8524587614 65.48632
J176 97APR05 1997.2594 50543 899 6 141.1 4144 0.887802 4267381 0.281236 65 0.493072 0.0000 0.001168 0.001387 0.005374 -0.045219 -0.014125 -0.143031 38.5394811252 -218.8524587750 65.49307
J176 97APR06 1997.2621 50544 900 0 141.1 4144 0.886065 4267381 0.281646 65 0.489085 0.0000 0.001117 0.001363 0.005185 -0.015995 -0.028378 -0.146511 38.5394811289 -218.8524587949 65.48909
J176 97APR07 1997.2649 50545 900 1 141.1 4144 0.887551 4267381 0.279902 65 0.494325 0.0000 0.001205 0.001399 0.005494 -0.006601 -0.074892 -0.113562 38.5394811132 -218.8524587779 65.49432
J176 97APR08 1997.2676 50546 900 2 141.1 4144 0.884978 4267381 0.283737 65 0.495492 0.0000 0.001116 0.001373 0.005202 -0.020751 -0.033343 -0.093896 38.5394811478 -218.8524588074 65.49549
J176 97APR09 1997.2704 50547 900 3 141.1 4144 0.885036 4267381 0.281442 65 0.489200 0.0000 0.001153 0.001404 0.005408 -0.045260 -0.010920 -0.094334 38.5394811271 -218.8524588067 65.48920
J176 97APR10 1997.2731 50548 900 4 141.1 4144 0.883395 4267381 0.283867 65 0.478639 0.0000 0.001162 0.001375 0.005331 -0.037777 -0.031323 -0.142840 38.5394811489 -218.8524588255 65.47864
J176 97APR11 1997.2758 50549 900 5 141.1 4144 0.887445 4267381 0.284699 65 0.488867 0.0000 0.001127 0.001376 0.005251 -0.040204 -0.036369 -0.129695 38.5394811564 -218.8524587791 65.48887
J176 97APR12 1997.2786 50550 900 6 141.1 4144 0.886241 4267381 0.278255 65 0.481881 0.0000 0.001114 0.001362 0.005124 -0.015312 -0.029497 -0.118031 38.5394810984 -218.8524587929 65.48188
J176 97APR13 1997.2813 50551 901 0 141.1 4144 0.889713 4267381 0.282909 65 0.487892 0.0000 0.001133 0.001377 0.005249 -0.004372 -0.054080 -0.115152 38.5394811403 -218.8524587531 65.48789
J176 97APR14 1997.2841 50552 901 1 141.1 4144 0.879544 4267381 0.279099 65 0.483492 0.0000 0.001147 0.001405 0.005331 0.021012 -0.043150 -0.093669 38.5394811060 -218.8524588697 65.48349
J176 97APR15 1997.2868 50553 901 2 141.1 4144 0.884663 4267381 0.278585 65 0.480036 0.0000 0.001128 0.001363 0.005220 -0.028024 -0.045302 -0.130957 38.5394811014 -218.8524588110 65.48004
J176 97APR16 1997.2895 50554 901 3 141.1 4144 0.885176 4267381 0.280760 65 0.480281 0.0000 0.001118 0.001370 0.005239 -0.018655 -0.023094 -0.122775 38.5394811209 -218.8524588051 65.48028
J176 97APR17 1997.2923 50555 901 4 141.1 4144 0.886385 4267381 0.280971 65 0.489522 0.0000 0.001128 0.001366 0.005244 -0.016167 -0.052312 -0.127052 38.5394811228 -218.8524587913 65.48952
J176 97APR18 1997.2950 50556 901 5 141.1 4144 0.887871 4267381 0.280600 65 0.488586 0.0000 0.001180 0.001418 0.005498 0.000621 -0.037947 -0.113818 38.5394811195 -218.8524587742 65.48859
J176 97APR19 1997.2977 50557 901 6 141.1 4144 0.882005 4267381 0.279933 65 0.470662 0.0000 0.001127 0.001377 0.005266 -0.027039 0.006012 -0.129794 38.5394811135 -218.8524588415 65.47066
J176 97APR20 1997.3005 50558 902 0 141.1 4144 0.886061 4267381 0.284135 65 0.475278 0.0000 0.001122 0.001368 0.005193 -0.024353 -0.028712 -0.143722 38.5394811513 -218.8524587950 65.47528
J176 97APR21 1997.3032 50559 902 1 141.1 4144 0.882824 4267381 0.284639 65 0.485536 0.0000 0.001145 0.001393 0.005344 -0.028946 -0.084712 -0.108843 38.5394811559 -218.8524588321 65.48554
J176 97APR22 1997.3060 50560 902 2 141.1 4144 0.880938 4267381 0.281208 65 0.479386 0.0000 0.001131 0.001386 0.005268 -0.025795 -0.028507 -0.092842 38.5394811250 -218.8524588537 65.47939
J176 97APR23 1997.3087 50561 902 3 141.1 4144 0.886207 4267381 0.276663 65 0.478469 0.0000 0.001147 0.001376 0.005281 -0.031831 -0.039763 -0.138550 38.5394810840 -218.8524587933 65.47847
J176 97APR24 1997.3114 50562 902 4 141.1 4144 0.883744 4267381 0.279103 65 0.477484 0.0000 0.001118 0.001357 0.005165 -0.047634 -0.053355 -0.120179 38.5394811060 -218.8524588216 65.47748
J176 97APR25 1997.3142 50563 902 5 141.1 4144 0.886180 4267381 0.280862 65 0.482099 0.0000 0.001129 0.001370 0.005272 -0.013856 -0.058634 -0.119022 38.5394811219 -218.8524587936 65.48210
J176 97APR26 1997.3169 50564 902 6 141.1 4144 0.884136 4267381 0.279999 65 0.489235 0.0000 0.001129 0.001400 0.005300 -0.037907 -0.006167 -0.113615 38.5394811141 -218.8524588171 65.48923
J176 97APR27 1997.3196 50565 903 0 141.1 4144 0.887782 4267381 0.285876 65 0.477790 0.0000 0.001123 0.001361 0.005178 -0.024274 -0.031067 -0.147837 38.5394811670 -218.8524587752 65.47779
J176 97APR28 1997.3224 50566 903 1 141.1 4144 0.882936 4267381 0.276607 65 0.480221 0.0000 0.001127 0.001358 0.005207 -0.020889 -0.052471 -0.133391 38.5394810835 -218.8524588308 65.48022
J176 97APR29 1997.3251 50567 903 2 141.1 4144 0.888791 4267381 0.280306 65 0.472101 0.0000 0.001150 0.001375 0.005267 -0.006791 -0.051167 -0.118247 38.5394811169 -218.8524587637 65.47210
J176 97APR30 1997.3279 50568 903 3 141.1 4144 0.884287 4267381 0.278072 65 0.481992 0.0000 0.001127 0.001372 0.005279 -0.037358 -0.038343 -0.167102 38.5394810967 -218.8524588153 65.48199
J176 97MAY01 1997.3306 50569 903 4 141.1 4144 0.881854 4267381 0.279547 65 0.480098 0.0000 0.001155 0.001389 0.005426 -0.025911 -0.039579 -0.113736 38.5394811100 -218.8524588432 65.48010
J176 97MAY02 1997.3333 50570 903 5 141.1 4144 0.885976 4267381 0.281055 65 0.481830 0.0000 0.001167 0.001398 0.005425 -0.014411 0.004357 -0.160420 38.5394811236 -218.8524587959 65.48183
J176 97MAY03 1997.3361 50571 903 6 141.1 4144 0.887496 4267381 0.280153 65 0.488574 0.0000 0.001140 0.001354 0.005280 -0.040133 0.002651 -0.174382 38.5394811155 -218.8524587785 65.48857
J176 97MAY04 1997.3388 50572 904 0 141.1 4144 0.888048 4267381 0.277954 65 0.499193 0.0000 0.001134 0.001392 0.005344 -0.025293 -0.003179 -0.124360 38.5394810957 -218.8524587722 65.49919
J176 97MAY05 1997.3415 50573 904 1 141.1 4144 0.886590 4267381 0.279189 65 0.481401 0.0000 0.001137 0.001372 0.005243 -0.038721 -0.016587 -0.150379 38.5394811068 -218.8524587889 65.48140
J176 97MAY06 1997.3443 50574 904 2 141.1 4144 0.886728 4267381 0.279846 65 0.485077 0.0000 0.001201 0.001403 0.005560 -0.047028 0.006814 -0.156188 38.5394811127 -218.8524587873 65.48508
J176 97MAY07 1997.3470 50575 904 3 141.1 4144 0.885962 4267381 0.280969 65 0.488649 0.0000 0.001132 0.001379 0.005339 -0.035869 -0.045938 -0.121517 38.5394811228 -218.8524587961 65.48865
J176 97MAY08 1997.3498 50576 904 4 141.1 4144 0.882719 4267381 0.279653 65 0.496840 0.0000 0.001172 0.001412 0.005438 -0.037602 -0.032003 -0.164369 38.5394811110 -218.8524588333 65.49684
J176 97MAY09 1997.3525 50577 904 5 141.1 4144 0.887752 4267381 0.281363 65 0.488456 0.0000 0.001168 0.001422 0.005403 -0.022149 -0.066982 -0.106114 38.5394811264 -218.8524587756 65.48846
J176 97MAY10 1997.3552 50578 904 6 141.1 4144 0.882414 4267381 0.282383 65 0.489864 0.0000 0.001141 0.001385 0.005331 -0.024883 0.039975 -0.118868 38.5394811356 -218.8524588368 65.48986
J176 97MAY11 1997.3580 50579 905 0 141.1 4144 0.881169 4267381 0.282098 65 0.489290 0.0000 0.001156 0.001397 0.005414 -0.021271 0.014975 -0.075990 38.5394811330 -218.8524588511 65.48929
J176 97MAY12 1997.3607 50580 905 1 141.1 4144 0.885631 4267381 0.283125 65 0.480805 0.0000 0.001173 0.001427 0.005477 -0.027997 0.029251 -0.107399 38.5394811422 -218.8524587999 65.48081
J176 97MAY13 1997.3634 50581 905 2 141.1 4144 0.884696 4267381 0.284444 65 0.486829 0.0000 0.001117 0.001366 0.005211 -0.027450 -0.000726 -0.109976 38.5394811541 -218.8524588106 65.48683
J176 97MAY14 1997.3662 50582 905 3 141.1 4144 0.885591 4267381 0.283591 65 0.499484 0.0000 0.001126 0.001386 0.005277 -0.039227 0.000166 -0.085549 38.5394811464 -218.8524588003 65.49948
J176 97MAY15 1997.3689 50583 905 4 141.1 4144 0.881578 4267381 0.282573 65 0.486775 0.0000 0.001186 0.001488 0.005618 0.019906 0.012960 -0.110311 38.5394811373 -218.8524588464 65.48678
J176 97MAY16 1997.3717 50584 905 5 141.1 4144 0.885175 4267381 0.285294 65 0.490548 0.0000 0.001171 0.001392 0.005346 0.005590 0.017275 -0.118758 38.5394811618 -218.8524588051 65.49055
J176 97MAY17 1997.3744 50585 905 6 141.1 4144 0.882854 4267381 0.283689 65 0.480601 0.0000 0.001200 0.001391 0.005574 -0.031133 -0.019940 -0.167812 38.5394811473 -218.8524588317 65.48060
J176 97MAY18 1997.3771 50586 906 0 141.1 4144 0.881702 4267381 0.285474 65 0.467345 0.0000 0.001127 0.001356 0.005164 -0.023819 0.026965 -0.121752 38.5394811634 -218.8524588450 65.46734
J176 97MAY19 1997.3799 50587 906 1 141.1 4144 0.883572 4267381 0.285631 65 0.486710 0.0000 0.001259 0.001487 0.005811 -0.051633 0.024737 -0.165857 38.5394811648 -218.8524588235 65.48671
J176 97MAY20 1997.3826 50588 906 2 141.1 4144 0.884752 4267381 0.283492 65 0.495948 0.0000 0.001203 0.001373 0.005430 -0.011809 -0.070492 -0.131208 38.5394811456 -218.8524588100 65.49595
J176 97MAY21 1997.3854 50589 906 3 141.1 4144 0.883232 4267381 0.282586 65 0.485954 0.0000 0.001173 0.001447 0.005530 -0.023336 0.009553 -0.103763 38.5394811374 -218.8524588274 65.48595
J176 97MAY22 1997.3881 50590 906 4 141.1 4144 0.882896 4267381 0.281460 65 0.491196 0.0000 0.001264 0.001478 0.005813 -0.035907 -0.038987 -0.117176 38.5394811272 -218.8524588313 65.49120
J176 97MAY23 1997.3908 50591 906 5 141.1 4144 0.881718 4267381 0.284714 65 0.483216 0.0000 0.001261 0.001518 0.005797 -0.026200 -0.014765 -0.147904 38.5394811566 -218.8524588448 65.48322
J176 97MAY24 1997.3936 50592 906 6 141.1 4144 0.884939 4267381 0.289032 65 0.497734 0.0000 0.001182 0.001394 0.005452 -0.045546 0.024225 -0.123247 38.5394811955 -218.8524588078 65.49773
J176 97MAY25 1997.3963 50593 907 0 141.1 4144 0.880622 4267381 0.288959 65 0.500344 0.0000 0.001246 0.001482 0.005807 -0.001268 -0.056364 -0.071381 38.5394811948 -218.8524588573 65.50034
J176 97MAY26 1997.3990 50594 907 1 141.1 4144 0.881512 4267381 0.289581 65 0.498972 0.0000 0.001186 0.001463 0.005611 0.004501 -0.011147 -0.113367 38.5394812004 -218.8524588471 65.49897
J176 97MAY27 1997.4018 50595 907 2 141.1 4144 0.881160 4267381 0.286269 65 0.490708 0.0000 0.001250 0.001504 0.005674 -0.011407 0.007885 -0.118084 38.5394811706 -218.8524588512 65.49071
J176 97MAY28 1997.4045 50596 907 3 141.1 4144 0.880596 4267381 0.285445 65 0.484670 0.0000 0.001148 0.001420 0.005419 -0.035611 -0.003251 -0.110680 38.5394811631 -218.8524588576 65.48467
J176 97MAY29 1997.4073 50597 907 4 141.1 4144 0.882258 4267381 0.285746 65 0.485735 0.0000 0.001171 0.001429 0.005408 -0.008353 -0.011054 -0.083177 38.5394811659 -218.8524588386 65.48574
J176 97MAY30 1997.4100 50598 907 5 141.1 4144 0.882050 4267381 0.285736 65 0.488503 0.0000 0.001191 0.001453 0.005566 -0.028874 0.018055 -0.124153 38.5394811658 -218.8524588410 65.48850
J176 97MAY31 1997.4127 50599 907 6 141.1 4144 0.879989 4267381 0.287948 65 0.501938 0.0000 0.001302 0.001552 0.005857 -0.052337 0.014241 -0.123864 38.5394811857 -218.8524588646 65.50194
J176 97JUN01 1997.4155 50600 908 0 141.1 4144 0.882731 4267381 0.286339 65 0.485412 0.0000 0.001143 0.001416 0.005422 -0.039033 0.017872 -0.104364 38.5394811712 -218.8524588331 65.48541
J176 97JUN02 1997.4182 50601 908 1 141.1 4144 0.884512 4267381 0.289026 65 0.489191 0.0000 0.001183 0.001451 0.005579 0.005391 0.037043 -0.068921 38.5394811954 -218.8524588127 65.48919
J176 97JUN03 1997.4209 50602 908 2 141.1 4144 0.879625 4267381 0.283396 65 0.496768 0.0000 0.001186 0.001445 0.005667 -0.005897 0.028822 -0.125052 38.5394811447 -218.8524588688 65.49677
J176 97JUN04 1997.4237 50603 908 3 141.1 4144 0.880324 4267381 0.284856 65 0.499369 0.0000 0.001196 0.001421 0.005477 -0.043825 0.023232 -0.144356 38.5394811578 -218.8524588608 65.49937
J176 97JUN05 1997.4264 50604 908 4 141.1 4144 0.882202 4267381 0.284201 65 0.488240 0.0000 0.001151 0.001412 0.005428 -0.014289 -0.025407 -0.120646 38.5394811519 -218.8524588392 65.48824
J176 97JUN06 1997.4292 50605 908 5 141.1 4144 0.881374 4267381 0.283971 65 0.486412 0.0000 0.001162 0.001420 0.005417 -0.040880 0.050155 -0.115499 38.5394811499 -218.8524588487 65.48641
J176 97JUN07 1997.4319 50606 908 6 141.1 4144 0.878698 4267381 0.285500 65 0.485029 0.0000 0.001237 0.001481 0.005908 0.015312 -0.045220 -0.170593 38.5394811636 -218.8524588794 65.48503
J176 97JUN08 1997.4346 50607 909 0 141.1 4144 0.884419 4267381 0.284244 65 0.484388 0.0000 0.001185 0.001413 0.005535 -0.049259 -0.014171 -0.120006 38.5394811523 -218.8524588138 65.48439
J176 97JUN09 1997.4374 50608 909 1 141.1 4144 0.881267 4267381 0.284623 65 0.510179 0.0000 0.001205 0.001476 0.005692 0.062078 -0.079484 -0.163631 38.5394811557 -218.8524588499 65.51018
J176 97JUN10 1997.4401 50609 909 2 141.1 4144 0.880385 4267381 0.282239 65 0.479722 0.0000 0.001258 0.001504 0.005806 0.020824 0.031238 -0.063692 38.5394811343 -218.8524588601 65.47972
J176 97JUN11 1997.4428 50610 909 3 141.1 4144 0.883677 4267381 0.283098 65 0.489493 0.0000 0.001197 0.001450 0.005555 -0.079273 0.030738 -0.103761 38.5394811420 -218.8524588223 65.48949
J176 97JUN12 1997.4456 50611 909 4 141.1 4144 0.879804 4267381 0.282957 65 0.495030 0.0000 0.001188 0.001494 0.005617 0.016707 -0.059654 -0.115347 38.5394811407 -218.8524588667 65.49503
J176 97JUN13 1997.4483 50612 909 5 141.1 4144 0.881315 4267381 0.282304 65 0.483228 0.0000 0.001148 0.001395 0.005363 -0.020913 0.005749 -0.125596 38.5394811349 -218.8524588494 65.48323
J176 97JUN14 1997.4511 50613 909 6 141.1 4144 0.882082 4267381 0.286305 65 0.475182 0.0000 0.001163 0.001448 0.005504 -0.021457 0.002794 -0.099146 38.5394811709 -218.8524588406 65.47518
J176 97JUN15 1997.4538 50614 910 0 141.1 4144 0.879946 4267381 0.279055 65 0.487832 0.0000 0.001189 0.001479 0.005530 -0.012370 0.026245 -0.089988 38.5394811056 -218.8524588651 65.48783
J176 97JUN16 1997.4565 50615 910 1 141.1 4144 0.880290 4267381 0.282861 65 0.486345 0.0000 0.001158 0.001389 0.005475 -0.038953 -0.025723 -0.112780 38.5394811399 -218.8524588612 65.48634
J176 97JUN17 1997.4593 50616 910 2 141.1 4144 0.882231 4267381 0.280995 65 0.477555 0.0000 0.001161 0.001407 0.005440 -0.015134 0.020102 -0.085828 38.5394811231 -218.8524588389 65.47756
J176 97JUN18 1997.4620 50617 910 3 141.1 4144 0.882401 4267381 0.283715 65 0.489337 0.0000 0.001274 0.001517 0.006024 -0.012759 -0.006360 -0.163583 38.5394811476 -218.8524588369 65.48934
J176 97JUN19 1997.4648 50618 910 4 141.1 4144 0.881296 4267381 0.281584 65 0.483161 0.0000 0.001228 0.001502 0.005839 -0.034412 -0.027242 -0.095588 38.5394811284 -218.8524588496 65.48316
J176 97JUN20 1997.4675 50619 910 5 141.1 4144 0.875853 4267381 0.280736 65 0.491005 0.0000 0.001226 0.001474 0.005805 -0.063338 0.014181 -0.101711 38.5394811207 -218.8524589121 65.49100
J176 97JUN21 1997.4702 50620 910 6 141.1 4144 0.879902 4267381 0.284009 65 0.489067 0.0000 0.001173 0.001408 0.005496 -0.025611 0.018138 -0.091832 38.5394811502 -218.8524588656 65.48907
J176 97JUN22 1997.4730 50621 911 0 141.1 4144 0.884089 4267381 0.286090 65 0.489721 0.0000 0.001164 0.001409 0.005403 -0.018004 -0.016888 -0.133780 38.5394811690 -218.8524588176 65.48972
J176 97JUN23 1997.4757 50622 911 1 141.1 4144 0.879032 4267381 0.284435 65 0.482239 0.0000 0.001185 0.001426 0.005595 -0.032031 -0.033191 -0.184355 38.5394811541 -218.8524588756 65.48224
J176 97JUN24 1997.4784 50623 911 2 141.1 4144 0.881924 4267381 0.279559 65 0.491298 0.0000 0.001257 0.001473 0.005972 -0.050208 -0.028816 -0.155250 38.5394811101 -218.8524588424 65.49130
J176 97JUN25 1997.4812 50624 911 3 141.1 4144 0.879972 4267381 0.279309 65 0.495634 0.0000 0.001291 0.001475 0.006036 -0.028429 0.015683 -0.127420 38.5394811079 -218.8524588648 65.49563
J176 97JUN26 1997.4839 50625 911 4 141.1 4144 0.880341 4267381 0.280674 65 0.496063 0.0000 0.001180 0.001428 0.005648 -0.049886 0.060227 -0.118496 38.5394811202 -218.8524588606 65.49606
J176 97JUN27 1997.4867 50626 911 5 141.1 4144 0.880949 4267381 0.282159 65 0.491586 0.0000 0.001240 0.001510 0.005671 -0.065259 0.048547 -0.110880 38.5394811336 -218.8524588536 65.49159
J176 97JUN28 1997.4894 50627 911 6 141.1 4144 0.883146 4267381 0.282023 65 0.516544 0.0000 0.001256 0.001432 0.005632 -0.084936 0.014716 -0.161147 38.5394811323 -218.8524588284 65.51654
J176 97JUN29 1997.4921 50628 912 0 141.1 4144 0.881909 4267381 0.279434 65 0.494460 0.0000 0.001156 0.001365 0.005353 -0.033231 -0.024343 -0.153591 38.5394811090 -218.8524588426 65.49446
J176 97JUN30 1997.4949 50629 912 1 141.1 4144 0.879613 4267381 0.279872 65 0.482032 0.0000 0.001152 0.001357 0.005307 0.004028 -0.049664 -0.178444 38.5394811129 -218.8524588689 65.48203
J176 97JUL01 1997.4976 50630 912 2 141.1 4144 0.879298 4267381 0.281093 65 0.494514 0.0000 0.001281 0.001561 0.005971 0.006897 0.058601 -0.129462 38.5394811239 -218.8524588725 65.49451
J176 97JUL02 1997.5003 50631 912 3 141.1 4144 0.881348 4267381 0.277968 65 0.497372 0.0000 0.001260 0.001465 0.005670 -0.088965 0.009184 -0.145677 38.5394810958 -218.8524588490 65.49737
J176 97JUL03 1997.5031 50632 912 4 141.1 4144 0.884621 4267381 0.283313 65 0.496681 0.0000 0.001253 0.001484 0.005946 -0.051227 0.030689 -0.202934 38.5394811439 -218.8524588115 65.49668
J176 97JUL04 1997.5058 50633 912 5 141.1 4144 0.884004 4267381 0.284310 65 0.496401 0.0000 0.001148 0.001402 0.005350 -0.001450 -0.035807 -0.156588 38.5394811529 -218.8524588185 65.49640
J176 97JUL05 1997.5086 50634 912 6 141.1 4144 0.885621 4267381 0.281636 65 0.499135 0.0000 0.001182 0.001401 0.005457 -0.000270 -0.030613 -0.145573 38.5394811288 -218.8524588000 65.49913
J176 97JUL06 1997.5113 50635 913 0 141.1 4144 0.880601 4267381 0.283109 65 0.488290 0.0000 0.001181 0.001418 0.005423 -0.022247 -0.042052 -0.109472 38.5394811421 -218.8524588576 65.48829
J176 97JUL07 1997.5140 50636 913 1 141.1 4144 0.879778 4267381 0.284401 65 0.494227 0.0000 0.001157 0.001382 0.005422 -0.015093 0.011307 -0.168439 38.5394811537 -218.8524588670 65.49423
J176 97JUL08 1997.5168 50637 913 2 141.1 4144 0.879162 4267381 0.285592 65 0.486606 0.0000 0.001165 0.001463 0.005617 -0.006252 0.029631 -0.132168 38.5394811645 -218.8524588741 65.48661
J176 97JUL09 1997.5195 50638 913 3 141.1 4144 0.877311 4267381 0.287145 65 0.504937 0.0000 0.001181 0.001416 0.005569 -0.036543 -0.008293 -0.110818 38.5394811785 -218.8524588953 65.50494
J176 97JUL10 1997.5222 50639 913 4 141.1 4144 0.877386 4267381 0.286478 65 0.510444 0.0000 0.001301 0.001598 0.006249 -0.037702 -0.024563 -0.149399 38.5394811725 -218.8524588944 65.51044
J176 97JUL11 1997.5250 50640 913 5 141.1 4
