site YYMMMDD yyyy.yyyy __MJD week d reflon _e0(m) __east(m) ____n0(m) _north(m) u0(m) ____up(m) _ant(m) sig_e(m) sig_n(m) sig_u(m) __corr_en __corr_eu __corr_nu _latitude(deg) _longitude(deg) __height(m)
JGD2 22AUG28 2022.6557 59819 2225 0 141.4 -1067 -0.999232 4524553 0.244599 42 0.972713 0.0000 0.001488 0.001682 0.007298 -0.089135 0.146219 -0.125313 40.8557435043 -218.6126662722 42.97271
JGD2 22AUG29 2022.6585 59820 2225 1 141.4 -1067 -0.991369 4524553 0.239964 42 0.977230 0.0000 0.001495 0.001754 0.007432 -0.114488 0.021953 -0.071254 40.8557434625 -218.6126661789 42.97723
JGD2 22AUG30 2022.6612 59821 2225 2 141.4 -1067 -0.990578 4524553 0.246407 42 1.014280 0.0000 0.001339 0.001602 0.006850 -0.128162 0.158366 -0.080906 40.8557435205 -218.6126661695 43.01428
JGD2 22AUG31 2022.6639 59822 2225 3 141.4 -1067 -0.988140 4524553 0.245099 42 0.986437 0.0000 0.001391 0.001658 0.007207 0.036484 0.093751 -0.007921 40.8557435088 -218.6126661406 42.98644
JGD2 22SEP01 2022.6667 59823 2225 4 141.4 -1067 -0.992406 4524553 0.243907 42 0.989142 0.0000 0.001331 0.001624 0.007416 -0.028651 0.239025 -0.097937 40.8557434980 -218.6126661912 42.98914
JGD2 22SEP02 2022.6694 59824 2225 5 141.4 -1067 -1.004657 4524553 0.248238 42 0.988919 0.0000 0.001433 0.001599 0.006590 -0.019439 -0.009650 -0.110895 40.8557435370 -218.6126663365 42.98892
JGD2 22SEP03 2022.6721 59825 2225 6 141.4 -1067 -0.996976 4524553 0.251076 42 0.983282 0.0000 0.001320 0.001637 0.006570 0.009901 0.010280 -0.102885 40.8557435626 -218.6126662454 42.98328
JGD2 22SEP04 2022.6749 59826 2226 0 141.4 -1067 -0.993545 4524553 0.244560 42 0.971572 0.0000 0.001309 0.001555 0.006646 -0.163359 0.093913 -0.029283 40.8557435039 -218.6126662047 42.97157
JGD2 22SEP05 2022.6776 59827 2226 1 141.4 -1067 -0.989464 4524553 0.252794 42 1.002633 0.0000 0.001255 0.001504 0.006527 -0.116785 0.068348 0.028895 40.8557435781 -218.6126661563 43.00263
JGD2 22SEP06 2022.6804 59828 2226 2 141.4 -1067 -0.990230 4524553 0.253354 42 1.006067 0.0000 0.001244 0.001524 0.006426 0.000524 0.030870 0.119295 40.8557435831 -218.6126661654 43.00607
JGD2 22SEP07 2022.6831 59829 2226 3 141.4 -1067 -0.994661 4524553 0.247187 42 0.963693 0.0000 0.001168 0.001506 0.006127 -0.039856 0.075080 -0.013261 40.8557435276 -218.6126662179 42.96369
JGD2 22SEP08 2022.6858 59830 2226 4 141.4 -1067 -0.988111 4524553 0.245679 42 0.985200 0.0000 0.001232 0.001493 0.006291 0.013805 0.125984 -0.114856 40.8557435140 -218.6126661402 42.98520
JGD2 22SEP09 2022.6886 59831 2226 5 141.4 -1067 -0.996904 4524553 0.243873 42 0.993588 0.0000 0.001353 0.001564 0.006233 0.176152 0.113741 -0.090082 40.8557434977 -218.6126662445 42.99359
JGD2 22SEP10 2022.6913 59832 2226 6 141.4 -1067 -0.993145 4524553 0.247627 42 0.988311 0.0000 0.001215 0.001457 0.006230 0.072915 0.094805 -0.102964 40.8557435315 -218.6126662000 42.98831
JGD2 22SEP11 2022.6940 59833 2227 0 141.4 -1067 -0.985286 4524553 0.251075 42 0.987178 0.0000 0.001137 0.001454 0.005845 -0.058922 0.115710 -0.058860 40.8557435626 -218.6126661068 42.98718
JGD2 22SEP12 2022.6968 59834 2227 1 141.4 -1067 -0.989696 4524553 0.246499 42 0.981239 0.0000 0.001186 0.001490 0.006014 -0.002824 0.108382 -0.047451 40.8557435214 -218.6126661590 42.98124
JGD2 22SEP13 2022.6995 59835 2227 2 141.4 -1067 -0.989844 4524553 0.245125 42 0.979221 0.0000 0.001214 0.001601 0.006440 0.062569 0.085848 -0.131929 40.8557435090 -218.6126661608 42.97922
JGD2 22SEP14 2022.7023 59836 2227 3 141.4 -1067 -0.989374 4524553 0.244164 42 0.981786 0.0000 0.001224 0.001478 0.006130 -0.033712 0.092948 -0.101497 40.8557435003 -218.6126661552 42.98179
JGD2 22SEP15 2022.7050 59837 2227 4 141.4 -1067 -0.991055 4524553 0.244384 42 0.981792 0.0000 0.001201 0.001505 0.006222 0.017851 0.103562 -0.127033 40.8557435023 -218.6126661752 42.98179
JGD2 22SEP16 2022.7077 59838 2227 5 141.4 -1067 -0.988081 4524553 0.245687 42 0.973412 0.0000 0.001237 0.001581 0.006502 -0.011753 -0.018590 -0.010184 40.8557435141 -218.6126661399 42.97341
JGD2 22SEP17 2022.7105 59839 2227 6 141.4 -1067 -0.985867 4524553 0.249234 42 0.969619 0.0000 0.001407 0.001888 0.007675 -0.078183 0.172348 -0.003050 40.8557435460 -218.6126661136 42.96962
JGD2 23MAR09 2023.1841 60012 2252 4 141.4 -1067 -0.985204 4524553 0.237443 42 1.006247 0.0000 0.001546 0.001729 0.007766 -0.138612 0.077588 -0.208772 40.8557434398 -218.6126661058 43.00625
JGD2 23MAR10 2023.1869 60013 2252 5 141.4 -1067 -0.984370 4524553 0.234576 42 0.991454 0.0000 0.001293 0.001493 0.006143 -0.093357 0.115031 -0.223510 40.8557434140 -218.6126660959 42.99145
JGD2 23MAR11 2023.1896 60014 2252 6 141.4 -1067 -0.978452 4524553 0.243528 42 0.980538 0.0000 0.001581 0.001855 0.008218 -0.013138 0.168544 -0.292951 40.8557434946 -218.6126660257 42.98054
JGD2 23MAR12 2023.1923 60015 2253 0 141.4 -1067 -0.991745 4524553 0.239085 42 0.990453 0.0000 0.001467 0.001725 0.007098 -0.212543 0.029587 -0.297678 40.8557434546 -218.6126661833 42.99045
JGD2 23MAR13 2023.1951 60016 2253 1 141.4 -1067 -1.003009 4524553 0.233140 42 0.969972 0.0000 0.003099 0.003687 0.013513 -0.152404 0.024335 -0.302195 40.8557434011 -218.6126663169 42.96997
JGD2 23MAR21 2023.2170 60024 2254 2 141.4 -1067 -0.985675 4524553 0.229649 42 0.994261 0.0000 0.001328 0.001621 0.006532 0.077594 0.091507 -0.086422 40.8557433696 -218.6126661113 42.99426
JGD2 23MAR23 2023.2225 60026 2254 4 141.4 -1067 -0.983836 4524553 0.228015 42 0.997613 0.0000 0.001692 0.001971 0.008317 -0.004869 0.034280 -0.199378 40.8557433549 -218.6126660895 42.99761
JGD2 23MAR24 2023.2252 60027 2254 5 141.4 -1067 -0.981847 4524553 0.229802 42 1.014639 0.0000 0.001196 0.001519 0.006166 -0.016045 0.153415 -0.094700 40.8557433710 -218.6126660659 43.01464
JGD2 23OCT08 2023.7673 60225 2283 0 141.4 -1067 -0.971561 4524553 0.223349 42 1.007582 0.0000 0.001254 0.001369 0.006006 -0.159139 0.294544 -0.233326 40.8557433129 -218.6126659439 43.00758
JGD2 23OCT09 2023.7700 60226 2283 1 141.4 -1067 -0.975815 4524553 0.219816 42 1.007703 0.0000 0.001360 0.001474 0.006833 -0.109598 0.143274 -0.219091 40.8557432811 -218.6126659944 43.00770
JGD2 23OCT10 2023.7728 60227 2283 2 141.4 -1067 -0.971238 4524553 0.222356 42 0.995326 0.0000 0.001199 0.001408 0.005920 -0.174489 0.233743 -0.311425 40.8557433040 -218.6126659401 42.99533
JGD2 23OCT11 2023.7755 60228 2283 3 141.4 -1067 -0.974140 4524553 0.224612 42 0.978897 0.0000 0.001260 0.001415 0.006061 -0.060091 0.083494 -0.202263 40.8557433243 -218.6126659745 42.97890
JGD2 23OCT12 2023.7782 60229 2283 4 141.4 -1067 -0.974912 4524553 0.223260 42 0.989000 0.0000 0.001227 0.001389 0.006143 -0.154167 0.186715 -0.245335 40.8557433121 -218.6126659837 42.98900
JGD2 23OCT13 2023.7810 60230 2283 5 141.4 -1067 -0.973039 4524553 0.224174 42 0.990118 0.0000 0.001282 0.001520 0.006380 -0.040532 0.098888 -0.204205 40.8557433203 -218.6126659615 42.99012
JGD2 23OCT14 2023.7837 60231 2283 6 141.4 -1067 -0.974265 4524553 0.222619 42 0.991073 0.0000 0.001212 0.001365 0.006035 -0.068683 0.184187 -0.191662 40.8557433063 -218.6126659760 42.99107
JGD2 23OCT15 2023.7864 60232 2284 0 141.4 -1067 -0.973961 4524553 0.223384 42 1.007319 0.0000 0.001815 0.002045 0.009633 -0.045075 0.265286 -0.413037 40.8557433132 -218.6126659724 43.00732
JGD2 23OCT17 2023.7919 60234 2284 2 141.4 -1067 -0.972380 4524553 0.220430 42 0.991030 0.0000 0.001278 0.001439 0.006637 -0.063057 0.275515 -0.199913 40.8557432866 -218.6126659536 42.99103
JGD2 23OCT18 2023.7947 60235 2284 3 141.4 -1067 -0.976162 4524553 0.221827 42 0.982838 0.0000 0.001241 0.001495 0.006568 -0.088177 0.221584 -0.305747 40.8557432992 -218.6126659985 42.98284
JGD2 23OCT19 2023.7974 60236 2284 4 141.4 -1067 -0.977199 4524553 0.227170 42 0.981700 0.0000 0.001349 0.001500 0.006572 -0.089590 0.163413 -0.300219 40.8557433473 -218.6126660108 42.98170
JGD2 23OCT20 2023.8001 60237 2284 5 141.4 -1067 -0.966963 4524553 0.217966 42 1.003244 0.0000 0.001242 0.001534 0.006194 -0.071818 0.147758 -0.126152 40.8557432644 -218.6126658894 43.00324
JGD2 23OCT21 2023.8029 60238 2284 6 141.4 -1067 -0.966357 4524553 0.218690 42 1.005813 0.0000 0.001414 0.001586 0.007153 -0.034214 0.220160 -0.336114 40.8557432710 -218.6126658822 43.00581
JGD2 23OCT22 2023.8056 60239 2285 0 141.4 -1067 -0.973260 4524553 0.218848 42 1.005927 0.0000 0.001299 0.001370 0.006305 -0.045339 0.167650 -0.265486 40.8557432724 -218.6126659641 43.00593
JGD2 23OCT23 2023.8084 60240 2285 1 141.4 -1067 -0.973588 4524553 0.220393 42 0.975382 0.0000 0.001275 0.001482 0.006398 -0.086892 0.145643 -0.227511 40.8557432863 -218.6126659680 42.97538
JGD2 23OCT24 2023.8111 60241 2285 2 141.4 -1067 -0.976946 4524553 0.223932 42 0.979789 0.0000 0.001324 0.001490 0.006659 -0.068028 0.223832 -0.192726 40.8557433182 -218.6126660078 42.97979
JGD2 23OCT25 2023.8138 60242 2285 3 141.4 -1067 -0.977737 4524553 0.223127 42 0.982002 0.0000 0.001279 0.001497 0.006427 -0.102465 0.212239 -0.190293 40.8557433109 -218.6126660172 42.98200
JGD2 23OCT26 2023.8166 60243 2285 4 141.4 -1067 -0.970912 4524553 0.217934 42 1.011692 0.0000 0.001260 0.001403 0.006040 -0.078452 0.083888 -0.228119 40.8557432641 -218.6126659362 43.01169
JGD2 23OCT27 2023.8193 60244 2285 5 141.4 -1067 -0.973794 4524553 0.219626 42 0.996629 0.0000 0.001297 0.001447 0.006526 -0.116454 0.227182 -0.254677 40.8557432794 -218.6126659704 42.99663
JGD2 23OCT28 2023.8220 60245 2285 6 141.4 -1067 -0.973851 4524553 0.222349 42 0.981381 0.0000 0.001338 0.001474 0.006717 -0.090747 0.242277 -0.190015 40.8557433039 -218.6126659711 42.98138
JGD2 23OCT29 2023.8248 60246 2286 0 141.4 -1067 -0.978549 4524553 0.224448 42 0.989104 0.0000 0.001224 0.001501 0.006112 -0.134876 0.209002 -0.180600 40.8557433228 -218.6126660268 42.98910
JGD2 23OCT30 2023.8275 60247 2286 1 141.4 -1067 -0.972100 4524553 0.219620 42 0.994174 0.0000 0.001235 0.001416 0.006016 -0.128374 0.209198 -0.244069 40.8557432793 -218.6126659503 42.99417
JGD2 23OCT31 2023.8303 60248 2286 2 141.4 -1067 -0.971281 4524553 0.219565 42 0.996657 0.0000 0.001220 0.001437 0.006090 -0.136841 0.163153 -0.209493 40.8557432788 -218.6126659406 42.99666
JGD2 23NOV01 2023.8330 60249 2286 3 141.4 -1067 -0.971429 4524553 0.218450 42 0.985098 0.0000 0.001393 0.001576 0.006867 -0.118832 0.224436 -0.271942 40.8557432688 -218.6126659424 42.98510
JGD2 23NOV02 2023.8357 60250 2286 4 141.4 -1067 -0.972618 4524553 0.219191 42 0.989797 0.0000 0.001244 0.001379 0.005930 -0.147919 0.235370 -0.189636 40.8557432755 -218.6126659565 42.98980
JGD2 23NOV03 2023.8385 60251 2286 5 141.4 -1067 -0.975096 4524553 0.221194 42 0.976958 0.0000 0.001344 0.001479 0.006501 -0.216742 0.271712 -0.137210 40.8557432935 -218.6126659859 42.97696
JGD2 23NOV04 2023.8412 60252 2286 6 141.4 -1067 -0.974923 4524553 0.220223 42 0.990534 0.0000 0.001292 0.001489 0.006524 -0.086977 0.227537 -0.198757 40.8557432848 -218.6126659838 42.99053
JGD2 23NOV05 2023.8439 60253 2287 0 141.4 -1067 -0.974072 4524553 0.222196 42 0.977705 0.0000 0.001394 0.001644 0.007270 0.047493 0.095674 -0.317244 40.8557433025 -218.6126659737 42.97771
JGD2 23NOV06 2023.8467 60254 2287 1 141.4 -1067 -0.973072 4524553 0.220072 42 0.976440 0.0000 0.001330 0.001486 0.006725 -0.084630 0.241105 -0.217269 40.8557432834 -218.6126659619 42.97644
JGD2 23NOV07 2023.8494 60255 2287 2 141.4 -1067 -0.974613 4524553 0.217844 42 1.000223 0.0000 0.001298 0.001534 0.006476 -0.087064 0.164091 -0.234918 40.8557432633 -218.6126659801 43.00022
JGD2 23NOV08 2023.8522 60256 2287 3 141.4 -1067 -0.972883 4524553 0.223056 42 0.989887 0.0000 0.001277 0.001388 0.006539 -0.120516 0.286116 -0.310640 40.8557433103 -218.6126659596 42.98989
JGD2 23NOV09 2023.8549 60257 2287 4 141.4 -1067 -0.978691 4524553 0.219246 42 0.979117 0.0000 0.001259 0.001445 0.006335 -0.068279 0.216924 -0.125287 40.8557432760 -218.6126660285 42.97912
JGD2 23NOV10 2023.8576 60258 2287 5 141.4 -1067 -0.972302 4524553 0.223108 42 0.969618 0.0000 0.001331 0.001425 0.006330 -0.128022 0.256002 -0.248372 40.8557433107 -218.6126659527 42.96962
JGD2 23NOV11 2023.8604 60259 2287 6 141.4 -1067 -0.969970 4524553 0.224268 42 0.980902 0.0000 0.001268 0.001422 0.006005 -0.157985 0.252917 -0.201015 40.8557433212 -218.6126659251 42.98090
JGD2 23NOV12 2023.8631 60260 2288 0 141.4 -1067 -0.969388 4524553 0.221684 42 0.990509 0.0000 0.001225 0.001423 0.005944 -0.149185 0.173200 -0.266623 40.8557432979 -218.6126659182 42.99051
JGD2 23NOV13 2023.8658 60261 2288 1 141.4 -1067 -0.968111 4524553 0.221046 42 1.007086 0.0000 0.001404 0.001622 0.007002 -0.207985 0.219208 -0.268528 40.8557432922 -218.6126659030 43.00709
JGD2 23NOV14 2023.8686 60262 2288 2 141.4 -1067 -0.971902 4524553 0.220478 42 1.009766 0.0000 0.001338 0.001436 0.006413 -0.077483 0.114766 -0.162898 40.8557432871 -218.6126659480 43.00977
JGD2 23NOV15 2023.8713 60263 2288 3 141.4 -1067 -0.971263 4524553 0.217802 42 0.994644 0.0000 0.001237 0.001419 0.006174 -0.118759 0.195670 -0.204246 40.8557432630 -218.6126659404 42.99464
JGD2 23NOV16 2023.8741 60264 2288 4 141.4 -1067 -0.967172 4524553 0.218102 42 0.988847 0.0000 0.001321 0.001554 0.006591 -0.159461 0.310360 -0.305181 40.8557432657 -218.6126658919 42.98885
JGD2 23NOV17 2023.8768 60265 2288 5 141.4 -1067 -0.968154 4524553 0.218600 42 1.005640 0.0000 0.001454 0.001473 0.006915 -0.034048 0.062327 -0.243864 40.8557432701 -218.6126659035 43.00564
JGD2 23NOV18 2023.8795 60266 2288 6 141.4 -1067 -0.972401 4524553 0.222205 42 0.986964 0.0000 0.001240 0.001330 0.006084 -0.135164 0.230520 -0.304867 40.8557433026 -218.6126659539 42.98696
JGD2 23NOV19 2023.8823 60267 2289 0 141.4 -1067 -0.966633 4524553 0.217812 42 0.999075 0.0000 0.001314 0.001391 0.006251 -0.091003 0.262315 -0.104111 40.8557432630 -218.6126658855 42.99908
JGD2 23NOV20 2023.8850 60268 2289 1 141.4 -1067 -0.968919 4524553 0.216858 42 0.995767 0.0000 0.001405 0.001508 0.006777 -0.113235 0.201265 -0.202551 40.8557432545 -218.6126659126 42.99577
JGD2 23NOV21 2023.8877 60269 2289 2 141.4 -1067 -0.968422 4524553 0.216232 42 0.996342 0.0000 0.001418 0.001629 0.006798 -0.004853 0.104940 -0.213307 40.8557432488 -218.6126659067 42.99634
JGD2 23NOV22 2023.8905 60270 2289 3 141.4 -1067 -0.968633 4524553 0.216318 42 0.990513 0.0000 0.001326 0.001488 0.006867 -0.092346 0.322190 -0.106553 40.8557432496 -218.6126659092 42.99051
JGD2 23NOV23 2023.8932 60271 2289 4 141.4 -1067 -0.974302 4524553 0.218524 42 0.974103 0.0000 0.001276 0.001547 0.006522 -0.087120 0.226518 -0.166457 40.8557432695 -218.6126659764 42.97410
JGD2 23NOV24 2023.8960 60272 2289 5 141.4 -1067 -0.975088 4524553 0.217304 42 1.013429 0.0000 0.001228 0.001485 0.006579 -0.025192 0.143712 -0.301028 40.8557432585 -218.6126659858 43.01343
JGD2 23NOV25 2023.8987 60273 2289 6 141.4 -1067 -0.975171 4524553 0.212429 42 0.982159 0.0000 0.001214 0.001430 0.006266 -0.002400 0.302878 -0.119272 40.8557432146 -218.6126659867 42.98216
JGD2 23NOV26 2023.9014 60274 2290 0 141.4 -1067 -0.972359 4524553 0.219438 42 0.993213 0.0000 0.001292 0.001607 0.006947 0.007037 0.169314 -0.222758 40.8557432777 -218.6126659534 42.99321
JGD2 23NOV27 2023.9042 60275 2290 1 141.4 -1067 -0.968161 4524553 0.216849 42 0.999949 0.0000 0.001353 0.001472 0.006659 -0.141440 0.222559 -0.339852 40.8557432544 -218.6126659036 42.99995
JGD2 23NOV28 2023.9069 60276 2290 2 141.4 -1067 -0.965370 4524553 0.221422 42 0.982344 0.0000 0.001343 0.001454 0.006494 -0.081788 0.240273 -0.291253 40.8557432956 -218.6126658705 42.98234
JGD2 23NOV29 2023.9097 60277 2290 3 141.4 -1067 -0.959136 4524553 0.203764 42 0.950445 0.0000 0.001468 0.001475 0.006712 -0.177854 0.383105 -0.217494 40.8557431365 -218.6126657965 42.95044
JGD2 23NOV30 2023.9124 60278 2290 4 141.4 -1067 -0.953063 4524553 0.221494 42 1.006547 0.0000 0.001103 0.001413 0.005735 -0.051375 0.202069 -0.227764 40.8557432962 -218.6126657246 43.00655
JGD2 23DEC01 2023.9151 60279 2290 5 141.4 -1067 -0.937229 4524553 0.222134 42 1.008671 0.0000 0.001145 0.001574 0.006368 -0.007790 0.108411 -0.276306 40.8557433020 -218.6126655368 43.00867
JGD2 23DEC02 2023.9179 60280 2290 6 141.4 -1067 -0.932968 4524553 0.224222 42 1.002536 0.0000 0.001195 0.001508 0.005564 -0.145194 0.132503 -0.083903 40.8557433208 -218.6126654862 43.00254
JGD2 23DEC03 2023.9206 60281 2291 0 141.4 -1067 -0.954314 4524553 0.206447 42 1.012567 0.0000 0.001208 0.001503 0.005987 -0.025720 0.217894 -0.168771 40.8557431607 -218.6126657394 43.01257
JGD2 23DEC04 2023.9233 60282 2291 1 141.4 -1067 -0.973861 4524553 0.221210 42 0.972501 0.0000 0.001259 0.001465 0.006215 -0.061283 0.213924 -0.221577 40.8557432936 -218.6126659712 42.97250
JGD2 23DEC05 2023.9261 60283 2291 2 141.4 -1067 -0.966622 4524553 0.215501 42 0.992934 0.0000 0.001223 0.001377 0.005803 -0.098525 0.249383 -0.178453 40.8557432422 -218.6126658853 42.99293
JGD2 23DEC06 2023.9288 60284 2291 3 141.4 -1067 -0.968409 4524553 0.213646 42 0.992853 0.0000 0.001269 0.001400 0.005887 -0.087705 0.282936 -0.148181 40.8557432255 -218.6126659065 42.99285
JGD2 23DEC07 2023.9316 60285 2291 4 141.4 -1067 -0.967783 4524553 0.218586 42 0.993336 0.0000 0.001189 0.001354 0.005791 -0.019179 0.162663 -0.223052 40.8557432700 -218.6126658991 42.99334
JGD2 23DEC08 2023.9343 60286 2291 5 141.4 -1067 -0.968697 4524553 0.221354 42 1.002276 0.0000 0.001228 0.001342 0.005923 -0.115382 0.268785 -0.242973 40.8557432949 -218.6126659100 43.00228
JGD2 23DEC09 2023.9370 60287 2291 6 141.4 -1067 -0.970819 4524553 0.216763 42 0.983868 0.0000 0.001200 0.001363 0.005827 -0.077837 0.154696 -0.139022 40.8557432536 -218.6126659351 42.98387
JGD2 23DEC10 2023.9398 60288 2292 0 141.4 -1067 -0.966225 4524553 0.213099 42 0.989547 0.0000 0.001204 0.001365 0.005735 -0.097103 0.149113 -0.180970 40.8557432206 -218.6126658806 42.98955
JGD2 23DEC11 2023.9425 60289 2292 1 141.4 -1067 -0.967002 4524553 0.219509 42 0.973479 0.0000 0.001357 0.001374 0.005942 -0.160464 0.300038 -0.208154 40.8557432783 -218.6126658899 42.97348
JGD2 23DEC12 2023.9452 60290 2292 2 141.4 -1067 -0.971839 4524553 0.217736 42 0.992482 0.0000 0.001251 0.001400 0.005796 -0.124459 0.149611 -0.202896 40.8557432624 -218.6126659472 42.99248
JGD2 23DEC13 2023.9480 60291 2292 3 141.4 -1067 -0.968036 4524553 0.216422 42 0.981703 0.0000 0.001212 0.001395 0.006194 -0.042888 0.247089 -0.280022 40.8557432505 -218.6126659021 42.98170
JGD2 23DEC14 2023.9507 60292 2292 4 141.4 -1067 -0.965429 4524553 0.225716 42 0.980801 0.0000 0.001312 0.001427 0.006081 -0.129188 0.258024 -0.288059 40.8557433342 -218.6126658712 42.98080
JGD2 23DEC15 2023.9535 60293 2292 5 141.4 -1067 -0.973059 4524553 0.212112 42 0.983215 0.0000 0.001332 0.001522 0.007032 -0.016810 0.312209 -0.267384 40.8557432117 -218.6126659617 42.98322
JGD2 23DEC16 2023.9562 60294 2292 6 141.4 -1067 -0.974601 4524553 0.221540 42 0.980655 0.0000 0.001326 0.001479 0.006736 -0.008871 0.332408 -0.225943 40.8557432966 -218.6126659800 42.98066
JGD2 23DEC17 2023.9589 60295 2293 0 141.4 -1067 -0.972979 4524553 0.219165 42 1.001322 0.0000 0.001152 0.001332 0.005507 -0.096241 0.093275 -0.178154 40.8557432752 -218.6126659607 43.00132
JGD2 23DEC18 2023.9617 60296 2293 1 141.4 -1067 -0.978073 4524553 0.222195 42 0.996995 0.0000 0.001221 0.001405 0.005893 -0.146017 0.282026 -0.154505 40.8557433025 -218.6126660212 42.99700
JGD2 23DEC19 2023.9644 60297 2293 2 141.4 -1067 -0.976524 4524553 0.217192 42 0.980979 0.0000 0.001162 0.001411 0.005789 -0.023307 0.163393 -0.211477 40.8557432575 -218.6126660028 42.98098
JGD2 23DEC20 2023.9671 60298 2293 3 141.4 -1067 -0.970893 4524553 0.218665 42 0.991191 0.0000 0.001152 0.001315 0.005557 -0.101613 0.160997 -0.120994 40.8557432707 -218.6126659360 42.99119
JGD2 23DEC21 2023.9699 60299 2293 4 141.4 -1067 -0.970425 4524553 0.221977 42 0.988665 0.0000 0.001142 0.001341 0.005712 -0.146178 0.200848 -0.184495 40.8557433006 -218.6126659305 42.98866
JGD2 23DEC22 2023.9726 60300 2293 5 141.4 -1067 -0.969303 4524553 0.217511 42 0.973901 0.0000 0.001131 0.001324 0.005598 -0.089963 0.301104 -0.192574 40.8557432603 -218.6126659172 42.97390
JGD2 23DEC23 2023.9754 60301 2293 6 141.4 -1067 -0.973140 4524553 0.221880 42 0.978146 0.0000 0.001122 0.001288 0.005336 -0.089069 0.144595 -0.186580 40.8557432997 -218.6126659627 42.97815
JGD2 23DEC24 2023.9781 60302 2294 0 141.4 -1067 -0.975179 4524553 0.220214 42 0.991995 0.0000 0.001186 0.001392 0.006069 -0.040305 0.267101 -0.114149 40.8557432847 -218.6126659868 42.99199
JGD2 23DEC25 2023.9808 60303 2294 1 141.4 -1067 -0.971920 4524553 0.213756 42 0.981518 0.0000 0.001177 0.001411 0.005979 -0.033533 0.158307 -0.246338 40.8557432265 -218.6126659482 42.98152
JGD2 23DEC26 2023.9836 60304 2294 2 141.4 -1067 -0.969918 4524553 0.217345 42 0.958747 0.0000 0.001323 0.001429 0.006608 -0.060660 0.340393 -0.275942 40.8557432588 -218.6126659244 42.95875
JGD2 23DEC27 2023.9863 60305 2294 3 141.4 -1067 -0.969638 4524553 0.211992 42 1.002266 0.0000 0.001285 0.001504 0.006326 0.019858 0.212369 -0.287238 40.8557432106 -218.6126659211 43.00227
JGD2 23DEC28 2023.9890 60306 2294 4 141.4 -1067 -0.973008 4524553 0.221597 42 0.979920 0.0000 0.001129 0.001349 0.005613 -0.088425 0.243238 -0.176088 40.8557432971 -218.6126659611 42.97992
JGD2 23DEC29 2023.9918 60307 2294 5 141.4 -1067 -0.969338 4524553 0.215326 42 1.005684 0.0000 0.001142 0.001474 0.005988 -0.055655 0.200642 -0.268645 40.8557432407 -218.6126659176 43.00568
JGD2 23DEC30 2023.9945 60308 2294 6 141.4 -1067 -0.968163 4524553 0.215213 42 1.013376 0.0000 0.001246 0.001448 0.005912 -0.101275 0.220892 -0.116419 40.8557432396 -218.6126659036 43.01338
JGD2 23DEC31 2023.9973 60309 2295 0 141.4 -1067 -0.970258 4524553 0.214715 42 0.989096 0.0000 0.001169 0.001387 0.005747 -0.024556 0.192197 -0.189536 40.8557432352 -218.6126659285 42.98910
JGD2 24JAN01 2024.0000 60310 2295 1 141.4 -1067 -0.969851 4524553 0.215382 42 0.989685 0.0000 0.001178 0.001475 0.006158 -0.037052 0.148994 -0.167873 40.8557432412 -218.6126659236 42.98968
JGD2 24JAN02 2024.0027 60311 2295 2 141.4 -1067 -0.970586 4524553 0.215574 42 0.993982 0.0000 0.001390 0.001660 0.007155 0.137762 0.153132 -0.222177 40.8557432429 -218.6126659324 42.99398
JGD2 24JAN03 2024.0055 60312 2295 3 141.4 -1067 -0.969635 4524553 0.219006 42 0.960766 0.0000 0.001321 0.001479 0.006560 -0.082030 0.273450 -0.220716 40.8557432738 -218.6126659211 42.96077
JGD2 24JAN04 2024.0082 60313 2295 4 141.4 -1067 -0.972629 4524553 0.217782 42 1.012092 0.0000 0.001275 0.001450 0.006162 -0.042415 0.151208 -0.103669 40.8557432628 -218.6126659566 43.01209
JGD2 24JAN05 2024.0110 60314 2295 5 141.4 -1067 -0.972186 4524553 0.223909 42 0.972403 0.0000 0.001321 0.001528 0.006456 -0.045415 0.147982 -0.302223 40.8557433180 -218.6126659514 42.97240
JGD2 24JAN06 2024.0137 60315 2295 6 141.4 -1067 -0.970534 4524553 0.212712 42 0.989940 0.0000 0.001310 0.001477 0.006176 0.000933 0.139872 -0.175240 40.8557432171 -218.6126659317 42.98994
JGD2 24JAN07 2024.0164 60316 2296 0 141.4 -1067 -0.972353 4524553 0.215687 42 0.990580 0.0000 0.001254 0.001547 0.006293 -0.046197 0.102983 -0.171994 40.8557432439 -218.6126659533 42.99058
JGD2 24JAN08 2024.0192 60317 2296 1 141.4 -1067 -0.963786 4524553 0.221903 42 0.999797 0.0000 0.000998 0.001256 0.004920 -0.046402 0.010672 -0.093959 40.8557432999 -218.6126658517 42.99980
JGD2 24JAN09 2024.0219 60318 2296 2 141.4 -1067 -0.967498 4524553 0.210312 42 1.016515 0.0000 0.001249 0.001449 0.006557 -0.046687 0.273720 -0.316225 40.8557431955 -218.6126658957 43.01652
JGD2 24JAN10 2024.0246 60319 2296 3 141.4 -1067 -0.967488 4524553 0.218067 42 0.984891 0.0000 0.001125 0.001272 0.005495 -0.004913 0.187303 -0.211393 40.8557432653 -218.6126658956 42.98489
JGD2 24JAN11 2024.0274 60320 2296 4 141.4 -1067 -0.967834 4524553 0.221900 42 0.976230 0.0000 0.001246 0.001417 0.005966 0.020598 0.226158 -0.206144 40.8557432999 -218.6126658997 42.97623
JGD2 24JAN12 2024.0301 60321 2296 5 141.4 -1067 -0.968677 4524553 0.213517 42 0.979041 0.0000 0.001220 0.001351 0.006025 -0.060696 0.293392 -0.135008 40.8557432244 -218.6126659097 42.97904
JGD2 24JAN13 2024.0329 60322 2296 6 141.4 -1067 -0.963669 4524553 0.211868 42 1.010247 0.0000 0.001159 0.001434 0.006005 -0.064147 0.102841 -0.122638 40.8557432095 -218.6126658503 43.01025
JGD2 24JAN14 2024.0356 60323 2297 0 141.4 -1067 -0.969017 4524553 0.216958 42 0.999528 0.0000 0.001259 0.001417 0.006315 -0.054016 0.232299 -0.275028 40.8557432554 -218.6126659138 42.99953
JGD2 24JAN15 2024.0383 60324 2297 1 141.4 -1067 -0.967969 4524553 0.220360 42 0.998945 0.0000 0.001162 0.001287 0.005635 -0.063888 0.259076 -0.258785 40.8557432860 -218.6126659013 42.99895
JGD2 24JAN16 2024.0411 60325 2297 2 141.4 -1067 -0.965638 4524553 0.218747 42 1.001571 0.0000 0.001165 0.001364 0.005731 -0.011652 -0.045403 -0.221545 40.8557432715 -218.6126658737 43.00157
JGD2 24JAN17 2024.0438 60326 2297 3 141.4 -1067 -0.964756 4524553 0.215638 42 0.992180 0.0000 0.001181 0.001357 0.005599 -0.015430 0.154137 -0.191935 40.8557432435 -218.6126658632 42.99218
JGD2 24JAN18 2024.0465 60327 2297 4 141.4 -1067 -0.971013 4524553 0.215870 42 0.982251 0.0000 0.001278 0.001441 0.006330 -0.121493 0.340969 -0.297188 40.8557432456 -218.6126659374 42.98225
JGD2 24JAN19 2024.0493 60328 2297 5 141.4 -1067 -0.971432 4524553 0.214603 42 0.991561 0.0000 0.001200 0.001391 0.005799 -0.117646 0.192120 -0.205037 40.8557432341 -218.6126659424 42.99156
JGD2 24JAN20 2024.0520 60329 2297 6 141.4 -1067 -0.971798 4524553 0.214407 42 0.984141 0.0000 0.001158 0.001392 0.005771 -0.028905 0.198160 -0.222376 40.8557432324 -218.6126659467 42.98414
JGD2 24JAN21 2024.0548 60330 2298 0 141.4 -1067 -0.965949 4524553 0.210888 42 0.986636 0.0000 0.001182 0.001365 0.005523 -0.117242 0.252012 -0.207361 40.8557432007 -218.6126658774 42.98664
JGD2 24JAN22 2024.0575 60331 2298 1 141.4 -1067 -0.969459 4524553 0.213950 42 0.985275 0.0000 0.001335 0.001459 0.006247 0.046180 0.248495 -0.176604 40.8557432283 -218.6126659190 42.98527
JGD2 24JAN23 2024.0602 60332 2298 2 141.4 -1067 -0.970976 4524553 0.215134 42 0.985446 0.0000 0.001135 0.001423 0.005903 0.069205 0.214193 -0.139014 40.8557432389 -218.6126659370 42.98545
JGD2 24JAN24 2024.0630 60333 2298 3 141.4 -1067 -0.973488 4524553 0.216229 42 0.987285 0.0000 0.001258 0.001400 0.005977 0.022712 0.179071 -0.184465 40.8557432488 -218.6126659668 42.98729
JGD2 24JAN25 2024.0657 60334 2298 4 141.4 -1067 -0.966704 4524553 0.218301 42 1.004966 0.0000 0.001333 0.001374 0.006242 0.010959 0.312127 -0.211231 40.8557432675 -218.6126658863 43.00497
JGD2 24JAN26 2024.0684 60335 2298 5 141.4 -1067 -0.972896 4524553 0.213253 42 0.978566 0.0000 0.001396 0.001517 0.006506 -0.140290 0.261313 -0.221806 40.8557432220 -218.6126659597 42.97857
JGD2 24JAN27 2024.0712 60336 2298 6 141.4 -1067 -0.972146 4524553 0.214242 42 0.991106 0.0000 0.001205 0.001379 0.005749 0.027366 0.184908 -0.126149 40.8557432309 -218.6126659509 42.99111
JGD2 24JAN28 2024.0739 60337 2299 0 141.4 -1067 -0.974237 4524553 0.213574 42 0.989240 0.0000 0.001300 0.001437 0.006404 0.017889 0.142116 -0.313432 40.8557432249 -218.6126659757 42.98924
JGD2 24JAN29 2024.0767 60338 2299 1 141.4 -1067 -0.976173 4524553 0.210009 42 0.983759 0.0000 0.001389 0.001567 0.006961 0.026634 0.137100 -0.268577 40.8557431928 -218.6126659986 42.98376
JGD2 24JAN30 2024.0794 60339 2299 2 141.4 -1067 -0.977398 4524553 0.212856 42 0.976470 0.0000 0.001244 0.001415 0.006155 -0.047922 0.203172 -0.230955 40.8557432184 -218.6126660131 42.97647
JGD2 24JAN31 2024.0821 60340 2299 3 141.4 -1067 -0.967229 4524553 0.212477 42 0.998245 0.0000 0.001417 0.001422 0.006412 -0.081057 0.302308 -0.167249 40.8557432150 -218.6126658925 42.99824
JGD2 24FEB01 2024.0849 60341 2299 4 141.4 -1067 -0.973807 4524553 0.225514 42 0.997009 0.0000 0.001230 0.001319 0.005840 -0.069016 0.184518 -0.274129 40.8557433324 -218.6126659706 42.99701
JGD2 24FEB02 2024.0876 60342 2299 5 141.4 -1067 -0.973812 4524553 0.213790 42 0.970814 0.0000 0.001207 0.001345 0.005836 0.005061 0.241628 -0.224900 40.8557432268 -218.6126659706 42.97081
JGD2 24FEB03 2024.0903 60343 2299 6 141.4 -1067 -0.969283 4524553 0.213098 42 0.987773 0.0000 0.001220 0.001394 0.006006 -0.045761 0.130470 -0.120114 40.8557432206 -218.6126659169 42.98777
JGD2 24FEB04 2024.0931 60344 2300 0 141.4 -1067 -0.962960 4524553 0.211003 42 1.013658 0.0000 0.001400 0.001449 0.006067 -0.087235 0.243511 -0.205119 40.8557432017 -218.6126658419 43.01366
JGD2 24FEB05 2024.0958 60345 2300 1 141.4 -1067 -0.977648 4524553 0.214083 42 0.994413 0.0000 0.001286 0.001467 0.006330 -0.011886 0.173618 -0.256860 40.8557432295 -218.6126660161 42.99441
JGD2 24FEB06 2024.0986 60346 2300 2 141.4 -1067 -0.972294 4524553 0.215988 42 0.977612 0.0000 0.001136 0.001261 0.005480 -0.007106 0.252263 -0.186762 40.8557432466 -218.6126659526 42.97761
JGD2 24FEB07 2024.1013 60347 2300 3 141.4 -1067 -0.972706 4524553 0.212736 42 1.013465 0.0000 0.001220 0.001437 0.005947 0.024912 0.167354 -0.210489 40.8557432173 -218.6126659575 43.01347
JGD2 24FEB08 2024.1040 60348 2300 4 141.4 -1067 -0.972177 4524553 0.210053 42 0.987701 0.0000 0.001234 0.001414 0.006065 -0.061685 0.169891 -0.105404 40.8557431932 -218.6126659512 42.98770
JGD2 24FEB09 2024.1068 60349 2300 5 141.4 -1067 -0.970606 4524553 0.220083 42 0.977947 0.0000 0.001265 0.001430 0.006080 0.025516 0.141349 -0.186009 40.8557432835 -218.6126659326 42.97795
JGD2 24FEB10 2024.1095 60350 2300 6 141.4 -1067 -0.967580 4524553 0.214377 42 0.957745 0.0000 0.001343 0.001415 0.006328 -0.099732 0.317849 -0.200527 40.8557432321 -218.6126658967 42.95775
JGD2 24FEB11 2024.1123 60351 2301 0 141.4 -1067 -0.975388 4524553 0.207380 42 0.992701 0.0000 0.001254 0.001467 0.006093 -0.002592 0.131256 -0.162152 40.8557431691 -218.6126659893 42.99270
JGD2 24FEB12 2024.1150 60352 2301 1 141.4 -1067 -0.977380 4524553 0.211096 42 0.990639 0.0000 0.001197 0.001408 0.006106 -0.030555 0.250802 -0.137631 40.8557432026 -218.6126660129 42.99064
JGD2 24FEB13 2024.1177 60353 2301 2 141.4 -1067 -0.971208 4524553 0.209499 42 0.979292 0.0000 0.001302 0.001404 0.005973 -0.156172 0.222453 -0.177672 40.8557431882 -218.6126659397 42.97929
JGD2 24FEB14 2024.1205 60354 2301 3 141.4 -1067 -0.971829 4524553 0.210975 42 0.976010 0.0000 0.001287 0.001496 0.006377 -0.118879 0.139849 -0.212416 40.8557432015 -218.6126659471 42.97601
JGD2 24FEB15 2024.1232 60355 2301 4 141.4 -1067 -0.974779 4524553 0.203963 42 0.955416 0.0000 0.001325 0.001550 0.006370 -0.083970 0.206988 -0.071598 40.8557431383 -218.6126659821 42.95542
JGD2 24FEB16 2024.1259 60356 2301 5 141.4 -1067 -0.971665 4524553 0.217188 42 0.995034 0.0000 0.001261 0.001351 0.005954 -0.043384 0.123918 -0.214434 40.8557432574 -218.6126659452 42.99503
JGD2 24FEB17 2024.1287 60357 2301 6 141.4 -1067 -0.975971 4524553 0.212088 42 0.996193 0.0000 0.001174 0.001354 0.005739 0.031035 0.131135 -0.201888 40.8557432115 -218.6126659962 42.99619
JGD2 24FEB18 2024.1314 60358 2302 0 141.4 -1067 -0.977001 4524553 0.212285 42 0.978333 0.0000 0.001230 0.001409 0.005961 -0.054103 0.114742 -0.180646 40.8557432133 -218.6126660084 42.97833
JGD2 24FEB19 2024.1342 60359 2302 1 141.4 -1067 -0.972321 4524553 0.208838 42 0.999421 0.0000 0.001272 0.001436 0.006211 -0.070679 0.131091 -0.177562 40.8557431822 -218.6126659529 42.99942
JGD2 24FEB20 2024.1369 60360 2302 2 141.4 -1067 -0.976661 4524553 0.211625 42 0.980238 0.0000 0.001311 0.001525 0.006301 0.055560 0.062581 -0.129170 40.8557432073 -218.6126660044 42.98024
JGD2 24FEB21 2024.1396 60361 2302 3 141.4 -1067 -0.969281 4524553 0.215166 42 0.973230 0.0000 0.001183 0.001323 0.005717 -0.033883 0.160223 -0.082063 40.8557432392 -218.6126659169 42.97323
JGD2 24FEB22 2024.1424 60362 2302 4 141.4 -1067 -0.974351 4524553 0.211831 42 0.982136 0.0000 0.001311 0.001483 0.006292 0.015886 0.126689 -0.231862 40.8557432092 -218.6126659770 42.98214
JGD2 24FEB23 2024.1451 60363 2302 5 141.4 -1067 -0.974910 4524553 0.210163 42 0.976472 0.0000 0.001282 0.001381 0.006155 -0.047236 0.233892 -0.277865 40.8557431942 -218.6126659836 42.97647
JGD2 24FEB24 2024.1478 60364 2302 6 141.4 -1067 -0.976385 4524553 0.211307 42 0.985721 0.0000 0.001197 0.001433 0.005876 -0.026930 0.178866 -0.191518 40.8557432045 -218.6126660011 42.98572
JGD2 24FEB25 2024.1506 60365 2303 0 141.4 -1067 -0.978071 4524553 0.214535 42 0.952436 0.0000 0.001316 0.001513 0.006149 -0.143826 0.181350 -0.120469 40.8557432335 -218.6126660211 42.95244
JGD2 24FEB26 2024.1533 60366 2303 1 141.4 -1067 -0.970597 4524553 0.210959 42 0.955934 0.0000 0.001330 0.001405 0.006080 -0.009809 0.262500 -0.176269 40.8557432013 -218.6126659325 42.95593
JGD2 24FEB27 2024.1561 60367 2303 2 141.4 -1067 -0.941550 4524553 0.243902 42 1.008467 0.0000 0.001303 0.001370 0.005581 -0.228872 0.255973 -0.291425 40.8557434980 -218.6126655880 43.00847
JGD2 24FEB28 2024.1588 60368 2303 3 141.4 -1067 -0.966984 4524553 0.215461 42 0.997224 0.0000 0.001213 0.001397 0.005896 -0.053482 0.135310 -0.193915 40.8557432419 -218.6126658896 42.99722
JGD2 24FEB29 2024.1615 60369 2303 4 141.4 -1067 -0.970955 4524553 0.211348 42 0.979096 0.0000 0.001266 0.001480 0.006423 0.036688 0.238173 -0.216605 40.8557432048 -218.6126659367 42.97910
JGD2 24MAR01 2024.1643 60370 2303 5 141.4 -1067 -0.971202 4524553 0.210809 42 0.986580 0.0000 0.001211 0.001410 0.006018 -0.048385 0.133377 -0.281774 40.8557432000 -218.6126659397 42.98658
JGD2 24MAR02 2024.1670 60371 2303 6 141.4 -1067 -0.977646 4524553 0.213283 42 0.966224 0.0000 0.001342 0.001446 0.005917 -0.163433 0.204077 -0.178780 40.8557432223 -218.6126660161 42.96622
JGD2 24MAR03 2024.1697 60372 2304 0 141.4 -1067 -0.974691 4524553 0.205278 42 1.018731 0.0000 0.001302 0.001557 0.006758 0.117116 -0.024656 -0.285505 40.8557431502 -218.6126659810 43.01873
JGD2 24MAR04 2024.1725 60373 2304 1 141.4 -1067 -0.975314 4524553 0.213669 42 0.975600 0.0000 0.001241 0.001374 0.006159 0.023422 0.135174 -0.301991 40.8557432257 -218.6126659884 42.97560
JGD2 24MAR05 2024.1752 60374 2304 2 141.4 -1067 -0.973241 4524553 0.210349 42 0.980963 0.0000 0.001298 0.001389 0.006411 -0.032743 0.260376 -0.194750 40.8557431958 -218.6126659638 42.98096
JGD2 24MAR06 2024.1780 60375 2304 3 141.4 -1067 -0.975212 4524553 0.214159 42 0.972480 0.0000 0.001302 0.001332 0.006447 -0.035989 0.314310 -0.243814 40.8557432302 -218.6126659872 42.97248
JGD2 24MAR07 2024.1807 60376 2304 4 141.4 -1067 -0.972071 4524553 0.210233 42 0.995642 0.0000 0.001258 0.001363 0.006151 -0.032265 0.256349 -0.234650 40.8557431948 -218.6126659500 42.99564
JGD2 24MAR08 2024.1834 60377 2304 5 141.4 -1067 -0.975986 4524553 0.206421 42 1.007961 0.0000 0.001500 0.001625 0.007251 0.026779 0.084727 -0.319374 40.8557431605 -218.6126659964 43.00796
JGD2 24MAR09 2024.1862 60378 2304 6 141.4 -1067 -0.972660 4524553 0.209817 42 0.974547 0.0000 0.001371 0.001361 0.006200 -0.098818 0.289462 -0.225457 40.8557431911 -218.6126659569 42.97455
JGD2 24MAR10 2024.1889 60379 2305 0 141.4 -1067 -0.971244 4524553 0.208234 42 0.986427 0.0000 0.001313 0.001459 0.006457 -0.007925 0.205368 -0.303246 40.8557431768 -218.6126659401 42.98643
JGD2 24MAR11 2024.1916 60380 2305 1 141.4 -1067 -0.966065 4524553 0.214034 42 1.005486 0.0000 0.001311 0.001474 0.006225 -0.105606 0.122260 -0.339664 40.8557432290 -218.6126658787 43.00549
JGD2 24MAR12 2024.1944 60381 2305 2 141.4 -1067 -0.974990 4524553 0.208427 42 0.986959 0.0000 0.001217 0.001411 0.006061 -0.014239 0.192028 -0.256875 40.8557431785 -218.6126659846 42.98696
JGD2 24MAR13 2024.1971 60382 2305 3 141.4 -1067 -0.972365 4524553 0.210655 42 0.992211 0.0000 0.001310 0.001448 0.006316 -0.035885 0.105272 -0.186266 40.8557431986 -218.6126659535 42.99221
JGD2 24MAR14 2024.1999 60383 2305 4 141.4 -1067 -0.969321 4524553 0.213161 42 0.994143 0.0000 0.001262 0.001443 0.005950 -0.056430 0.057310 -0.106475 40.8557432212 -218.6126659174 42.99414
JGD2 24MAR15 2024.2026 60384 2305 5 141.4 -1067 -0.967070 4524553 0.204329 42 0.992646 0.0000 0.001162 0.001397 0.005721 -0.124517 0.214112 -0.251898 40.8557431416 -218.6126658906 42.99265
JGD2 24MAR16 2024.2053 60385 2305 6 141.4 -1067 -0.975655 4524553 0.206799 42 0.988807 0.0000 0.001257 0.001463 0.006439 -0.093001 0.072346 -0.234318 40.8557431639 -218.6126659925 42.98881
JGD2 24MAR17 2024.2081 60386 2306 0 141.4 -1067 -0.972920 4524553 0.209088 42 1.002048 0.0000 0.001305 0.001370 0.006416 -0.031831 0.196853 -0.202669 40.8557431845 -218.6126659600 43.00205
JGD2 24MAR18 2024.2108 60387 2306 1 141.4 -1067 -0.970604 4524553 0.213011 42 1.012332 0.0000 0.001310 0.001426 0.006287 -0.097015 0.232248 -0.213403 40.8557432198 -218.6126659326 43.01233
JGD2 24MAR19 2024.2136 60388 2306 2 141.4 -1067 -0.971710 4524553 0.211675 42 0.990583 0.0000 0.001170 0.001345 0.005682 -0.142964 0.163537 -0.192172 40.8557432078 -218.6126659457 42.99058
JGD2 24MAR20 2024.2163 60389 2306 3 141.4 -1067 -0.968710 4524553 0.211020 42 0.997406 0.0000 0.001323 0.001413 0.006341 -0.112821 0.297288 -0.234103 40.8557432019 -218.6126659101 42.99741
JGD2 24MAR21 2024.2190 60390 2306 4 141.4 -1067 -0.973020 4524553 0.203367 42 1.001361 0.0000 0.001192 0.001448 0.006015 -0.000343 0.099159 -0.220281 40.8557431330 -218.6126659612 43.00136
JGD2 24MAR22 2024.2218 60391 2306 5 141.4 -1067 -0.974672 4524553 0.208601 42 1.020019 0.0000 0.001327 0.001509 0.006667 -0.044871 0.097788 -0.268774 40.8557431801 -218.6126659808 43.02002
JGD2 24MAR23 2024.2245 60392 2306 6 141.4 -1067 -0.973471 4524553 0.208327 42 0.995593 0.0000 0.001413 0.001485 0.006370 -0.203674 0.257683 -0.261495 40.8557431776 -218.6126659666 42.99559
JGD2 24MAR24 2024.2272 60393 2307 0 141.4 -1067 -0.973998 4524553 0.211150 42 0.976018 0.0000 0.001435 0.001755 0.007283 -0.214110 0.323889 -0.143946 40.8557432031 -218.6126659728 42.97602
JGD2 24MAR25 2024.2300 60394 2307 1 141.4 -1067 -0.966185 4524553 0.215425 42 0.973081 0.0000 0.001408 0.001574 0.006404 -0.117480 0.195037 -0.110788 40.8557432416 -218.6126658802 42.97308
JGD2 24MAR26 2024.2327 60395 2307 2 141.4 -1067 -0.972933 4524553 0.210402 42 0.976789 0.0000 0.001395 0.001444 0.006412 -0.084076 0.244965 -0.192898 40.8557431963 -218.6126659602 42.97679
JGD2 24MAR27 2024.2355 60396 2307 3 141.4 -1067 -0.974678 4524553 0.213434 42 0.976214 0.0000 0.001292 0.001368 0.006160 -0.122938 0.207635 -0.197353 40.8557432236 -218.6126659809 42.97621
JGD2 24MAR28 2024.2382 60397 2307 4 141.4 -1067 -0.970066 4524553 0.209630 42 0.989390 0.0000 0.001174 0.001325 0.005671 -0.120964 0.262905 -0.195183 40.8557431894 -218.6126659262 42.98939
JGD2 24MAR29 2024.2409 60398 2307 5 141.4 -1067 -0.971284 4524553 0.210009 42 0.974265 0.0000 0.001229 0.001345 0.005992 -0.083553 0.202620 -0.211849 40.8557431928 -218.6126659406 42.97426
JGD2 24MAR30 2024.2437 60399 2307 6 141.4 -1067 -0.968033 4524553 0.208689 42 0.979860 0.0000 0.001263 0.001346 0.005931 -0.082928 0.257562 -0.225815 40.8557431809 -218.6126659021 42.97986
JGD2 24MAR31 2024.2464 60400 2308 0 141.4 -1067 -0.971703 4524553 0.207794 42 1.009947 0.0000 0.001174 0.001349 0.005779 -0.000331 0.218500 -0.213566 40.8557431728 -218.6126659456 43.00995
JGD2 24APR01 2024.2491 60401 2308 1 141.4 -1067 -0.975028 4524553 0.207705 42 0.970577 0.0000 0.001148 0.001386 0.005549 -0.068429 0.205393 -0.185490 40.8557431720 -218.6126659850 42.97058
JGD2 24APR02 2024.2519 60402 2308 2 141.4 -1067 -0.969984 4524553 0.210155 42 0.988103 0.0000 0.001127 0.001383 0.005680 -0.128734 0.206329 -0.247407 40.8557431941 -218.6126659252 42.98810
JGD2 24APR03 2024.2546 60403 2308 3 141.4 -1067 -0.970215 4524553 0.208778 42 0.979818 0.0000 0.001195 0.001363 0.005936 -0.065396 0.335768 -0.205130 40.8557431817 -218.6126659280 42.97982
JGD2 24APR04 2024.2574 60404 2308 4 141.4 -1067 -0.971344 4524553 0.210845 42 0.989431 0.0000 0.001187 0.001335 0.005658 -0.050578 0.195025 -0.199636 40.8557432003 -218.6126659413 42.98943
JGD2 24APR05 2024.2601 60405 2308 5 141.4 -1067 -0.974826 4524553 0.210818 42 0.978105 0.0000 0.001126 0.001371 0.005595 -0.091839 0.153809 -0.239354 40.8557432001 -218.6126659826 42.97810
JGD2 24APR06 2024.2628 60406 2308 6 141.4 -1067 -0.975152 4524553 0.205063 42 1.003307 0.0000 0.001172 0.001333 0.005672 -0.044368 0.107430 -0.189804 40.8557431482 -218.6126659865 43.00331
JGD2 24APR07 2024.2656 60407 2309 0 141.4 -1067 -0.970774 4524553 0.207621 42 0.991333 0.0000 0.001159 0.001461 0.006039 -0.084485 0.267294 -0.113226 40.8557431713 -218.6126659346 42.99133
JGD2 24APR08 2024.2683 60408 2309 1 141.4 -1067 -0.970238 4524553 0.205925 42 1.005998 0.0000 0.001373 0.001467 0.006495 -0.106289 0.139120 -0.188566 40.8557431560 -218.6126659282 43.00600
JGD2 24APR09 2024.2710 60409 2309 2 141.4 -1067 -0.970465 4524553 0.207397 42 0.974654 0.0000 0.001336 0.001420 0.006196 -0.158578 0.275635 -0.223968 40.8557431693 -218.6126659309 42.97465
JGD2 24APR10 2024.2738 60410 2309 3 141.4 -1067 -0.968665 4524553 0.207125 42 0.990584 0.0000 0.001231 0.001356 0.006056 -0.089015 0.273149 -0.253288 40.8557431668 -218.6126659096 42.99058
JGD2 24APR11 2024.2765 60411 2309 4 141.4 -1067 -0.971599 4524553 0.208306 42 0.995171 0.0000 0.001292 0.001439 0.006149 0.007806 0.036297 -0.247992 40.8557431775 -218.6126659444 42.99517
JGD2 24APR12 2024.2793 60412 2309 5 141.4 -1067 -0.974191 4524553 0.206215 42 0.996896 0.0000 0.001227 0.001459 0.005958 -0.055492 0.081592 -0.041278 40.8557431586 -218.6126659751 42.99690
JGD2 24APR13 2024.2820 60413 2309 6 141.4 -1067 -0.971414 4524553 0.207689 42 0.977627 0.0000 0.001267 0.001419 0.006084 -0.071041 0.194147 -0.100715 40.8557431719 -218.6126659422 42.97763
JGD2 24APR14 2024.2847 60414 2310 0 141.4 -1067 -0.973161 4524553 0.210926 42 0.984330 0.0000 0.001266 0.001426 0.006340 -0.092056 0.280761 -0.244829 40.8557432010 -218.6126659629 42.98433
JGD2 24APR15 2024.2875 60415 2310 1 141.4 -1067 -0.972612 4524553 0.213256 42 0.958285 0.0000 0.001293 0.001325 0.006096 -0.110960 0.305118 -0.226195 40.8557432220 -218.6126659564 42.95829
JGD2 24APR16 2024.2902 60416 2310 2 141.4 -1067 -0.969007 4524553 0.207261 42 1.008927 0.0000 0.001292 0.001426 0.006271 -0.067303 0.177672 -0.227901 40.8557431680 -218.6126659136 43.00893
JGD2 24APR17 2024.2930 60417 2310 3 141.4 -1067 -0.967859 4524553 0.209601 42 1.010764 0.0000 0.001439 0.001573 0.006881 -0.121926 0.187031 -0.193227 40.8557431891 -218.6126659000 43.01076
JGD2 24APR18 2024.2957 60418 2310 4 141.4 -1067 -0.971151 4524553 0.209901 42 0.995819 0.0000 0.001295 0.001468 0.006409 -0.161782 0.084960 -0.167719 40.8557431918 -218.6126659391 42.99582
JGD2 24APR19 2024.2984 60419 2310 5 141.4 -1067 -0.966647 4524553 0.208354 42 1.022399 0.0000 0.001202 0.001336 0.005792 -0.039703 0.116558 -0.264025 40.8557431779 -218.6126658856 43.02240
JGD2 24APR20 2024.3012 60420 2310 6 141.4 -1067 -0.979537 4524553 0.211777 42 0.981895 0.0000 0.001250 0.001415 0.006317 -0.035356 0.202855 -0.249235 40.8557432087 -218.6126660385 42.98189
JGD2 24APR21 2024.3039 60421 2311 0 141.4 -1067 -0.974532 4524553 0.212386 42 0.991215 0.0000 0.001283 0.001491 0.006293 -0.079719 0.163382 -0.243276 40.8557432142 -218.6126659791 42.99122
JGD2 24APR22 2024.3066 60422 2311 1 141.4 -1067 -0.967377 4524553 0.208510 42 1.000462 0.0000 0.001363 0.001580 0.006825 -0.111826 0.164661 -0.086463 40.8557431793 -218.6126658943 43.00046
JGD2 24APR23 2024.3094 60423 2311 2 141.4 -1067 -0.964946 4524553 0.214135 42 0.998756 0.0000 0.001315 0.001442 0.006380 -0.079380 0.179866 -0.204000 40.8557432299 -218.6126658655 42.99876
JGD2 24APR24 2024.3121 60424 2311 3 141.4 -1067 -0.968974 4524553 0.206956 42 0.992144 0.0000 0.001334 0.001442 0.006481 -0.072283 0.140576 -0.328786 40.8557431653 -218.6126659132 42.99214
JGD2 24APR25 2024.3149 60425 2311 4 141.4 -1067 -0.971004 4524553 0.203406 42 1.012491 0.0000 0.001249 0.001412 0.005972 -0.042736 0.107937 -0.229055 40.8557431333 -218.6126659373 43.01249
JGD2 24APR26 2024.3176 60426 2311 5 141.4 -1067 -0.972920 4524553 0.210034 42 0.990666 0.0000 0.001328 0.001447 0.006358 -0.095384 0.237519 -0.220199 40.8557431930 -218.6126659600 42.99067
JGD2 24APR27 2024.3203 60427 2311 6 141.4 -1067 -0.971689 4524553 0.206360 42 1.005883 0.0000 0.001355 0.001508 0.006515 -0.166858 0.140116 -0.140345 40.8557431599 -218.6126659454 43.00588
JGD2 24APR28 2024.3231 60428 2312 0 141.4 -1067 -0.970787 4524553 0.208805 42 1.021037 0.0000 0.001247 0.001404 0.006081 -0.072257 0.135600 -0.218156 40.8557431819 -218.6126659347 43.02104
JGD2 24APR29 2024.3258 60429 2312 1 141.4 -1067 -0.971952 4524553 0.207327 42 0.994494 0.0000 0.001287 0.001400 0.006189 -0.074711 0.226223 -0.154162 40.8557431686 -218.6126659485 42.99449
JGD2 24APR30 2024.3285 60430 2312 2 141.4 -1067 -0.971287 4524553 0.211304 42 0.982301 0.0000 0.001413 0.001527 0.007076 -0.007208 0.198073 -0.174789 40.8557432044 -218.6126659407 42.98230
JGD2 24MAY01 2024.3313 60431 2312 3 141.4 -1067 -0.971830 4524553 0.205558 42 1.015422 0.0000 0.001224 0.001446 0.006083 0.016532 0.007843 -0.224323 40.8557431527 -218.6126659471 43.01542
JGD2 24MAY02 2024.3340 60432 2312 4 141.4 -1067 -0.973378 4524553 0.206781 42 1.004303 0.0000 0.001292 0.001470 0.006246 -0.016107 0.022508 -0.236122 40.8557431637 -218.6126659655 43.00430
JGD2 24MAY03 2024.3368 60433 2312 5 141.4 -1067 -0.965925 4524553 0.204852 42 1.015416 0.0000 0.001355 0.001638 0.006863 0.055819 0.020906 -0.245993 40.8557431463 -218.6126658771 43.01542
JGD2 24MAY04 2024.3395 60434 2312 6 141.4 -1067 -0.973632 4524553 0.207401 42 0.986986 0.0000 0.001307 0.001495 0.006339 -0.095695 0.239155 -0.188574 40.8557431693 -218.6126659685 42.98699
JGD2 24MAY05 2024.3422 60435 2313 0 141.4 -1067 -0.972203 4524553 0.206357 42 1.014069 0.0000 0.001245 0.001438 0.006060 -0.092399 0.122938 -0.195604 40.8557431599 -218.6126659515 43.01407
JGD2 24MAY06 2024.3450 60436 2313 1 141.4 -1067 -0.973496 4524553 0.211430 42 0.989847 0.0000 0.001404 0.001408 0.006673 -0.107469 0.275824 -0.237898 40.8557432056 -218.6126659669 42.98985
JGD2 24MAY07 2024.3477 60437 2313 2 141.4 -1067 -0.973878 4524553 0.206354 42 0.992660 0.0000 0.001290 0.001461 0.006414 -0.114276 0.151339 -0.236771 40.8557431599 -218.6126659714 42.99266
JGD2 24MAY08 2024.3504 60438 2313 3 141.4 -1067 -0.968971 4524553 0.208297 42 0.992118 0.0000 0.001257 0.001408 0.006082 -0.054530 0.051740 -0.205045 40.8557431774 -218.6126659132 42.99212
JGD2 24MAY09 2024.3532 60439 2313 4 141.4 -1067 -0.975131 4524553 0.207054 42 0.985740 0.0000 0.001297 0.001520 0.006459 -0.075258 0.063134 -0.261973 40.8557431662 -218.6126659862 42.98574
JGD2 24MAY10 2024.3559 60440 2313 5 141.4 -1067 -0.967395 4524553 0.203444 42 1.002441 0.0000 0.001316 0.001421 0.006259 -0.091174 0.114998 -0.148396 40.8557431337 -218.6126658945 43.00244
JGD2 24MAY11 2024.3587 60441 2313 6 141.4 -1067 -0.981572 4524553 0.205780 42 0.977795 0.0000 0.001547 0.001819 0.007690 0.033661 0.168552 -0.269407 40.8557431547 -218.6126660626 42.97780
JGD2 24MAY12 2024.3614 60442 2314 0 141.4 -1067 -0.975398 4524553 0.205486 42 1.000113 0.0000 0.001302 0.001473 0.006324 -0.041779 0.096670 -0.232246 40.8557431520 -218.6126659894 43.00011
JGD2 24MAY13 2024.3641 60443 2314 1 141.4 -1067 -0.973369 4524553 0.198463 42 1.011126 0.0000 0.001444 0.001581 0.006940 -0.085201 0.100204 -0.106577 40.8557430888 -218.6126659653 43.01113
JGD2 24MAY14 2024.3669 60444 2314 2 141.4 -1067 -0.971280 4524553 0.208052 42 0.981937 0.0000 0.001370 0.001503 0.006682 -0.069823 0.112462 -0.241180 40.8557431752 -218.6126659406 42.98194
JGD2 24MAY15 2024.3696 60445 2314 3 141.4 -1067 -0.971036 4524553 0.207009 42 1.004632 0.0000 0.001245 0.001407 0.006058 -0.055502 0.085721 -0.225325 40.8557431658 -218.6126659377 43.00463
JGD2 24MAY16 2024.3723 60446 2314 4 141.4 -1067 -0.972062 4524553 0.202880 42 0.985771 0.0000 0.001385 0.001498 0.006920 -0.064481 0.189423 -0.063809 40.8557431286 -218.6126659498 42.98577
JGD2 24MAY17 2024.3751 60447 2314 5 141.4 -1067 -0.976691 4524553 0.206771 42 0.999165 0.0000 0.001446 0.001689 0.007458 -0.119086 0.180991 -0.131453 40.8557431636 -218.6126660047 42.99917
JGD2 24MAY18 2024.3778 60448 2314 6 141.4 -1067 -0.972975 4524553 0.209519 42 0.991930 0.0000 0.001323 0.001514 0.006525 -0.128822 0.213461 -0.221323 40.8557431884 -218.6126659607 42.99193
JGD2 24MAY19 2024.3806 60449 2315 0 141.4 -1067 -0.973784 4524553 0.206089 42 1.019459 0.0000 0.001276 0.001426 0.006069 -0.083275 0.011583 -0.297575 40.8557431575 -218.6126659703 43.01946
JGD2 24MAY20 2024.3833 60450 2315 1 141.4 -1067 -0.977819 4524553 0.205410 42 1.014721 0.0000 0.001284 0.001505 0.006352 0.000759 0.062085 -0.194227 40.8557431514 -218.6126660181 43.01472
JGD2 24MAY21 2024.3860 60451 2315 2 141.4 -1067 -0.974205 4524553 0.210763 42 0.984072 0.0000 0.001267 0.001425 0.006173 -0.104223 0.077338 -0.136903 40.8557431996 -218.6126659753 42.98407
JGD2 24MAY22 2024.3888 60452 2315 3 141.4 -1067 -0.973316 4524553 0.209901 42 1.010911 0.0000 0.001344 0.001591 0.006504 -0.054238 0.004452 -0.144425 40.8557431918 -218.6126659647 43.01091
JGD2 24MAY23 2024.3915 60453 2315 4 141.4 -1067 -0.970626 4524553 0.211832 42 1.014165 0.0000 0.001334 0.001483 0.006168 -0.095108 0.096944 -0.197367 40.8557432092 -218.6126659328 43.01416
JGD2 24MAY24 2024.3943 60454 2315 5 141.4 -1067 -0.970720 4524553 0.205526 42 0.992806 0.0000 0.001225 0.001397 0.005871 -0.116166 0.099090 -0.297555 40.8557431524 -218.6126659339 42.99281
JGD2 24MAY25 2024.3970 60455 2315 6 141.4 -1067 -0.975125 4524553 0.210097 42 0.996039 0.0000 0.001402 0.001522 0.006913 0.002687 -0.083171 -0.222805 40.8557431936 -218.6126659862 42.99604
JGD2 24MAY26 2024.3997 60456 2316 0 141.4 -1067 -0.976049 4524553 0.214201 42 0.995123 0.0000 0.001311 0.001543 0.006528 -0.113279 0.070936 -0.146710 40.8557432305 -218.6126659971 42.99512
JGD2 24MAY27 2024.4025 60457 2316 1 141.4 -1067 -0.967737 4524553 0.204455 42 1.021235 0.0000 0.001366 0.001444 0.006479 -0.174161 0.220342 -0.137489 40.8557431428 -218.6126658986 43.02124
JGD2 24MAY28 2024.4052 60458 2316 2 141.4 -1067 -0.970278 4524553 0.206566 42 1.007969 0.0000 0.001255 0.001445 0.006268 -0.099328 0.170239 -0.144936 40.8557431618 -218.6126659287 43.00797
JGD2 24MAY29 2024.4079 60459 2316 3 141.4 -1067 -0.974316 4524553 0.210107 42 0.994439 0.0000 0.001273 0.001486 0.006339 -0.085252 0.126039 -0.248015 40.8557431937 -218.6126659766 42.99444
JGD2 24MAY30 2024.4107 60460 2316 4 141.4 -1067 -0.974522 4524553 0.206404 42 0.980987 0.0000 0.001365 0.001503 0.006590 -0.164585 0.067793 -0.194333 40.8557431603 -218.6126659790 42.98099
JGD2 24MAY31 2024.4134 60461 2316 5 141.4 -1067 -0.968752 4524553 0.213567 42 0.986387 0.0000 0.001334 0.001462 0.006228 -0.198176 0.234870 -0.210572 40.8557432248 -218.6126659106 42.98639
JGD2 24JUN01 2024.4162 60462 2316 6 141.4 -1067 -0.968796 4524553 0.206515 42 1.008517 0.0000 0.001264 0.001449 0.005939 -0.091954 0.074755 -0.118619 40.8557431613 -218.6126659111 43.00852
JGD2 24JUN02 2024.4189 60463 2317 0 141.4 -1067 -0.972992 4524553 0.206643 42 0.984630 0.0000 0.001315 0.001434 0.006515 -0.115129 0.229669 -0.159064 40.8557431625 -218.6126659609 42.98463
JGD2 24JUN03 2024.4216 60464 2317 1 141.4 -1067 -0.973379 4524553 0.206114 42 0.996638 0.0000 0.001262 0.001537 0.006404 -0.121413 0.195865 -0.198627 40.8557431577 -218.6126659655 42.99664
JGD2 24JUN04 2024.4244 60465 2317 2 141.4 -1067 -0.976379 4524553 0.208801 42 0.995929 0.0000 0.001265 0.001475 0.006409 -0.100886 0.100411 -0.233014 40.8557431819 -218.6126660011 42.99593
JGD2 24JUN05 2024.4271 60466 2317 3 141.4 -1067 -0.978008 4524553 0.203367 42 0.983407 0.0000 0.001320 0.001594 0.006830 -0.068500 0.154788 -0.145516 40.8557431330 -218.6126660204 42.98341
JGD2 24JUN06 2024.4298 60467 2317 4 141.4 -1067 -0.975460 4524553 0.202313 42 0.984073 0.0000 0.001312 0.001517 0.006749 -0.083980 0.050627 -0.226370 40.8557431235 -218.6126659901 42.98407
JGD2 24JUN07 2024.4326 60468 2317 5 141.4 -1067 -0.972331 4524553 0.201421 42 0.989276 0.0000 0.001464 0.001781 0.007278 -0.087372 -0.013843 -0.126458 40.8557431155 -218.6126659530 42.98928
JGD2 24JUN08 2024.4353 60469 2317 6 141.4 -1067 -0.973434 4524553 0.204223 42 1.017222 0.0000 0.001330 0.001606 0.006686 -0.040407 0.070298 -0.171524 40.8557431407 -218.6126659661 43.01722
JGD2 24JUN09 2024.4381 60470 2318 0 141.4 -1067 -0.975986 4524553 0.202902 42 1.009251 0.0000 0.001266 0.001519 0.006476 0.013944 0.054851 -0.225676 40.8557431288 -218.6126659964 43.00925
JGD2 24JUN10 2024.4408 60471 2318 1 141.4 -1067 -0.976081 4524553 0.209616 42 0.981642 0.0000 0.001356 0.001606 0.006686 -0.013246 0.093257 -0.162176 40.8557431892 -218.6126659975 42.98164
JGD2 24JUN11 2024.4435 60472 2318 2 141.4 -1067 -0.972788 4524553 0.207692 42 0.974708 0.0000 0.001406 0.001577 0.007279 0.039665 0.256639 -0.217390 40.8557431719 -218.6126659585 42.97471
JGD2 24JUN12 2024.4463 60473 2318 3 141.4 -1067 -0.971399 4524553 0.207578 42 1.015478 0.0000 0.001272 0.001514 0.006479 -0.032830 0.129968 -0.136868 40.8557431709 -218.6126659420 43.01548
JGD2 24JUN13 2024.4490 60474 2318 4 141.4 -1067 -0.968704 4524553 0.208910 42 1.007303 0.0000 0.001187 0.001374 0.005991 -0.062484 0.178967 -0.187029 40.8557431829 -218.6126659100 43.00730
JGD2 24JUN14 2024.4517 60475 2318 5 141.4 -1067 -0.974633 4524553 0.204961 42 0.992250 0.0000 0.001266 0.001482 0.006610 -0.057779 0.187929 -0.256310 40.8557431473 -218.6126659803 42.99225
JGD2 24JUN15 2024.4545 60476 2318 6 141.4 -1067 -0.974201 4524553 0.207499 42 0.991471 0.0000 0.001373 0.001524 0.007051 -0.006880 0.219545 -0.249382 40.8557431702 -218.6126659752 42.99147
JGD2 24JUN16 2024.4572 60477 2319 0 141.4 -1067 -0.975853 4524553 0.213450 42 0.976995 0.0000 0.001425 0.001649 0.007172 -0.175607 -0.022478 -0.127158 40.8557432238 -218.6126659948 42.97699
JGD2 24JUN18 2024.4627 60479 2319 2 141.4 -1067 -0.974864 4524553 0.203946 42 1.001971 0.0000 0.001312 0.001568 0.006516 -0.127246 0.159576 -0.162679 40.8557431382 -218.6126659831 43.00197
JGD2 24JUN19 2024.4654 60480 2319 3 141.4 -1067 -0.979659 4524553 0.205405 42 0.983636 0.0000 0.001338 0.001516 0.006562 -0.055649 0.152546 -0.198052 40.8557431513 -218.6126660399 42.98364
JGD2 24JUN20 2024.4682 60481 2319 4 141.4 -1067 -0.972144 4524553 0.206745 42 1.003382 0.0000 0.001342 0.001469 0.006356 -0.145903 0.200630 -0.253004 40.8557431634 -218.6126659508 43.00338
JGD2 24JUN21 2024.4709 60482 2319 5 141.4 -1067 -0.980049 4524553 0.206413 42 0.984829 0.0000 0.001400 0.001524 0.006780 -0.091121 0.241723 -0.239041 40.8557431604 -218.6126660446 42.98483
JGD2 24JUN22 2024.4736 60483 2319 6 141.4 -1067 -0.972930 4524553 0.208565 42 0.975034 0.0000 0.001266 0.001415 0.006506 -0.062646 0.320951 -0.175472 40.8557431798 -218.6126659602 42.97503
JGD2 24JUN23 2024.4764 60484 2320 0 141.4 -1067 -0.974740 4524553 0.208893 42 0.971449 0.0000 0.001286 0.001500 0.006433 -0.082691 0.180553 -0.248854 40.8557431827 -218.6126659816 42.97145
JGD2 24JUN24 2024.4791 60485 2320 1 141.4 -1067 -0.972081 4524553 0.201418 42 0.982847 0.0000 0.001399 0.001644 0.006756 -0.139090 0.212204 -0.102221 40.8557431154 -218.6126659501 42.98285
JGD2 24JUN25 2024.4819 60486 2320 2 141.4 -1067 -0.979150 4524553 0.205055 42 0.980632 0.0000 0.001395 0.001540 0.006601 -0.140148 0.192367 -0.296096 40.8557431482 -218.6126660339 42.98063
JGD2 24JUN26 2024.4846 60487 2320 3 141.4 -1067 -0.976667 4524553 0.205619 42 0.968009 0.0000 0.001444 0.001499 0.006518 -0.002953 0.126662 -0.190261 40.8557431533 -218.6126660045 42.96801
JGD2 24JUN27 2024.4873 60488 2320 4 141.4 -1067 -0.977997 4524553 0.202077 42 0.960702 0.0000 0.001410 0.001697 0.007407 -0.022866 0.248948 -0.176950 40.8557431214 -218.6126660202 42.96070
JGD2 24JUN28 2024.4901 60489 2320 5 141.4 -1067 -0.972131 4524553 0.210152 42 0.976149 0.0000 0.001477 0.001622 0.007459 0.046876 0.081024 -0.403087 40.8557431941 -218.6126659507 42.97615
JGD2 24JUN29 2024.4928 60490 2320 6 141.4 -1067 -0.973346 4524553 0.206148 42 0.988234 0.0000 0.001325 0.001608 0.006873 -0.018980 0.218132 -0.162208 40.8557431580 -218.6126659651 42.98823
JGD2 24JUN30 2024.4956 60491 2321 0 141.4 -1067 -0.969599 4524553 0.209314 42 1.013438 0.0000 0.001451 0.001593 0.006642 0.007231 0.149984 -0.192526 40.8557431865 -218.6126659206 43.01344
JGD2 24JUL01 2024.4983 60492 2321 1 141.4 -1067 -0.976856 4524553 0.201522 42 1.008997 0.0000 0.001440 0.001632 0.006928 -0.061963 0.151439 -0.316342 40.8557431164 -218.6126660067 43.00900
JGD2 24JUL02 2024.5010 60493 2321 2 141.4 -1067 -0.972092 4524553 0.206971 42 1.008700 0.0000 0.001320 0.001472 0.006131 -0.055540 0.149911 -0.231443 40.8557431654 -218.6126659502 43.00870
JGD2 24JUL03 2024.5038 60494 2321 3 141.4 -1067 -0.970167 4524553 0.204897 42 1.005950 0.0000 0.001369 0.001527 0.006804 -0.058627 0.195958 -0.258733 40.8557431467 -218.6126659274 43.00595
JGD2 24JUL04 2024.5065 60495 2321 4 141.4 -1067 -0.973942 4524553 0.205044 42 0.982510 0.0000 0.001271 0.001496 0.006346 -0.091133 0.161935 -0.105053 40.8557431481 -218.6126659721 42.98251
JGD2 24JUL05 2024.5092 60496 2321 5 141.4 -1067 -0.969157 4524553 0.208727 42 1.010563 0.0000 0.001337 0.001737 0.006948 -0.051222 0.189825 -0.050652 40.8557431812 -218.6126659154 43.01056
JGD2 24JUL06 2024.5120 60497 2321 6 141.4 -1067 -0.975551 4524553 0.201217 42 0.993486 0.0000 0.001570 0.001727 0.007792 -0.121294 0.227945 -0.226902 40.8557431136 -218.6126659912 42.99349
JGD2 24JUL07 2024.5147 60498 2322 0 141.4 -1067 -0.969987 4524553 0.208143 42 0.982930 0.0000 0.001492 0.001628 0.007172 -0.093647 0.144379 -0.339955 40.8557431760 -218.6126659252 42.98293
JGD2 24JUL08 2024.5175 60499 2322 1 141.4 -1067 -0.978155 4524553 0.206991 42 0.987362 0.0000 0.001254 0.001427 0.006507 -0.091167 0.284855 -0.194704 40.8557431656 -218.6126660221 42.98736
JGD2 24JUL09 2024.5202 60500 2322 2 141.4 -1067 -0.970988 4524553 0.206727 42 0.994429 0.0000 0.001338 0.001492 0.006368 -0.142908 0.239808 -0.122469 40.8557431632 -218.6126659371 42.99443
JGD2 24JUL10 2024.5229 60501 2322 3 141.4 -1067 -0.971106 4524553 0.207050 42 0.994144 0.0000 0.001290 0.001576 0.006771 -0.054674 0.127718 -0.288707 40.8557431661 -218.6126659385 42.99414
JGD2 24JUL11 2024.5257 60502 2322 4 141.4 -1067 -0.972435 4524553 0.206461 42 0.977690 0.0000 0.001494 0.001564 0.006948 -0.162764 0.236481 -0.141391 40.8557431608 -218.6126659543 42.97769
JGD2 24JUL12 2024.5284 60503 2322 5 141.4 -1067 -0.970802 4524553 0.203001 42 0.977987 0.0000 0.001376 0.001447 0.006457 -0.171813 0.325655 -0.187420 40.8557431297 -218.6126659349 42.97799
JGD2 24JUL13 2024.5311 60504 2322 6 141.4 -1067 -0.973850 4524553 0.201291 42 0.978687 0.0000 0.001474 0.001658 0.007314 -0.193465 0.217767 0.033068 40.8557431143 -218.6126659711 42.97869
JGD2 24JUL14 2024.5339 60505 2323 0 141.4 -1067 -0.973252 4524553 0.202018 42 0.987136 0.0000 0.001243 0.001518 0.006511 0.014856 0.163236 -0.257020 40.8557431208 -218.6126659640 42.98714
JGD2 24JUL15 2024.5366 60506 2323 1 141.4 -1067 -0.970841 4524553 0.204856 42 0.992702 0.0000 0.001299 0.001464 0.006287 0.002377 0.168679 -0.178653 40.8557431464 -218.6126659354 42.99270
JGD2 24JUL16 2024.5394 60507 2323 2 141.4 -1067 -0.970937 4524553 0.205028 42 0.988466 0.0000 0.001435 0.001565 0.007139 -0.041318 0.062620 -0.292720 40.8557431479 -218.6126659365 42.98847
JGD2 24JUL17 2024.5421 60508 2323 3 141.4 -1067 -0.972843 4524553 0.210084 42 0.975129 0.0000 0.001307 0.001435 0.006354 -0.094028 0.174469 -0.098496 40.8557431935 -218.6126659591 42.97513
JGD2 24JUL18 2024.5448 60509 2323 4 141.4 -1067 -0.971586 4524553 0.202381 42 0.991516 0.0000 0.001482 0.001605 0.007198 -0.000414 0.165701 -0.230735 40.8557431241 -218.6126659442 42.99152
JGD2 24JUL19 2024.5476 60510 2323 5 141.4 -1067 -0.971228 4524553 0.206715 42 1.010020 0.0000 0.001352 0.001446 0.006575 -0.000492 0.183434 -0.131098 40.8557431631 -218.6126659400 43.01002
JGD2 24JUL20 2024.5503 60511 2323 6 141.4 -1067 -0.971326 4524553 0.203280 42 0.995641 0.0000 0.001305 0.001498 0.006407 0.002171 0.069170 -0.243983 40.8557431322 -218.6126659411 42.99564
JGD2 24JUL21 2024.5530 60512 2324 0 141.4 -1067 -0.977417 4524553 0.205980 42 0.982417 0.0000 0.001392 0.001586 0.006941 -0.024839 0.209686 -0.140392 40.8557431565 -218.6126660134 42.98242
JGD2 24JUL22 2024.5558 60513 2324 1 141.4 -1067 -0.966529 4524553 0.201866 42 1.019019 0.0000 0.001376 0.001459 0.006533 -0.053143 0.054909 -0.343928 40.8557431195 -218.6126658842 43.01902
JGD2 24JUL23 2024.5585 60514 2324 2 141.4 -1067 -0.973875 4524553 0.207565 42 0.988646 0.0000 0.001295 0.001392 0.006013 -0.041690 0.217301 -0.245812 40.8557431708 -218.6126659714 42.98865
JGD2 24JUL24 2024.5613 60515 2324 3 141.4 -1067 -0.972659 4524553 0.205763 42 0.992580 0.0000 0.001359 0.001464 0.006514 -0.005387 0.072841 -0.265855 40.8557431545 -218.6126659569 42.99258
JGD2 24JUL25 2024.5640 60516 2324 4 141.4 -1067 -0.972235 4524553 0.205868 42 0.986787 0.0000 0.001322 0.001448 0.006553 -0.101658 0.129731 -0.220069 40.8557431555 -218.6126659519 42.98679
JGD2 24JUL26 2024.5667 60517 2324 5 141.4 -1067 -0.971891 4524553 0.206492 42 1.023153 0.0000 0.001219 0.001392 0.005889 -0.080014 0.062462 -0.264842 40.8557431611 -218.6126659478 43.02315
JGD2 24JUL27 2024.5695 60518 2324 6 141.4 -1067 -0.971054 4524553 0.200123 42 0.994168 0.0000 0.001448 0.001538 0.006918 -0.109883 0.206870 -0.241086 40.8557431038 -218.6126659379 42.99417
JGD2 24JUL28 2024.5722 60519 2325 0 141.4 -1067 -0.971061 4524553 0.201494 42 0.998706 0.0000 0.001372 0.001452 0.006406 -0.146233 0.244605 -0.183585 40.8557431161 -218.6126659380 42.99871
JGD2 24JUL29 2024.5749 60520 2325 1 141.4 -1067 -0.977350 4524553 0.206783 42 0.985016 0.0000 0.001386 0.001667 0.007069 -0.099601 0.195114 -0.253803 40.8557431637 -218.6126660126 42.98502
JGD2 24JUL30 2024.5777 60521 2325 2 141.4 -1067 -0.972276 4524553 0.204592 42 0.991492 0.0000 0.001352 0.001530 0.006602 0.011015 0.116001 -0.245024 40.8557431440 -218.6126659524 42.99149
JGD2 24JUL31 2024.5804 60522 2325 3 141.4 -1067 -0.970835 4524553 0.202402 42 1.007936 0.0000 0.001209 0.001388 0.006009 -0.100304 0.109142 -0.239721 40.8557431243 -218.6126659353 43.00794
JGD2 24AUG01 2024.5832 60523 2325 4 141.4 -1067 -0.971912 4524553 0.202302 42 1.008959 0.0000 0.001249 0.001432 0.006100 -0.027722 0.118265 -0.202318 40.8557431234 -218.6126659481 43.00896
JGD2 24AUG02 2024.5859 60524 2325 5 141.4 -1067 -0.973562 4524553 0.203462 42 1.005732 0.0000 0.001266 0.001405 0.006018 -0.070014 0.053608 -0.158485 40.8557431338 -218.6126659676 43.00573
JGD2 24AUG03 2024.5886 60525 2325 6 141.4 -1067 -0.972477 4524553 0.201749 42 1.017577 0.0000 0.001272 0.001449 0.006131 -0.094497 0.209012 -0.192364 40.8557431184 -218.6126659548 43.01758
JGD2 24AUG04 2024.5914 60526 2326 0 141.4 -1067 -0.979970 4524553 0.206823 42 0.997593 0.0000 0.001346 0.001477 0.006398 -0.060330 0.101256 -0.145378 40.8557431641 -218.6126660436 42.99759
JGD2 24AUG05 2024.5941 60527 2326 1 141.4 -1067 -0.969352 4524553 0.203823 42 1.007402 0.0000 0.001283 0.001532 0.006694 0.012099 0.189339 -0.143621 40.8557431371 -218.6126659177 43.00740
JGD2 24AUG06 2024.5969 60528 2326 2 141.4 -1067 -0.969569 4524553 0.207565 42 0.998802 0.0000 0.001227 0.001451 0.006483 -0.082992 0.208854 -0.350868 40.8557431708 -218.6126659203 42.99880
JGD2 24AUG07 2024.5996 60529 2326 3 141.4 -1067 -0.975589 4524553 0.209207 42 0.973857 0.0000 0.001312 0.001515 0.006479 -0.100210 0.244206 -0.143771 40.8557431856 -218.6126659917 42.97386
JGD2 24AUG08 2024.6023 60530 2326 4 141.4 -1067 -0.971536 4524553 0.200107 42 0.998118 0.0000 0.001277 0.001469 0.006169 -0.008033 0.053035 -0.155865 40.8557431036 -218.6126659436 42.99812
JGD2 24AUG09 2024.6051 60531 2326 5 141.4 -1067 -0.970160 4524553 0.201629 42 0.995210 0.0000 0.001314 0.001399 0.006117 -0.081798 0.198254 -0.177074 40.8557431173 -218.6126659273 42.99521
JGD2 24AUG10 2024.6078 60532 2326 6 141.4 -1067 -0.971293 4524553 0.203736 42 1.003201 0.0000 0.001366 0.001633 0.007120 -0.021292 0.119982 -0.249918 40.8557431363 -218.6126659407 43.00320
JGD2 24AUG11 2024.6105 60533 2327 0 141.4 -1067 -0.971525 4524553 0.204921 42 0.975917 0.0000 0.001277 0.001552 0.006866 -0.029635 0.210561 -0.276951 40.8557431470 -218.6126659435 42.97592
JGD2 24AUG12 2024.6133 60534 2327 1 141.4 -1067 -0.970483 4524553 0.204672 42 0.993319 0.0000 0.001331 0.001510 0.006546 0.015570 0.186676 -0.222281 40.8557431447 -218.6126659311 42.99332
JGD2 24AUG13 2024.6160 60535 2327 2 141.4 -1067 -0.972544 4524553 0.198033 42 1.005823 0.0000 0.001342 0.001534 0.006719 -0.033665 0.107529 -0.259701 40.8557430849 -218.6126659555 43.00582
JGD2 24AUG14 2024.6188 60536 2327 3 141.4 -1067 -0.969832 4524553 0.202413 42 1.011209 0.0000 0.001294 0.001472 0.006320 0.027997 0.145938 -0.212959 40.8557431244 -218.6126659234 43.01121
JGD2 24AUG15 2024.6215 60537 2327 4 141.4 -1067 -0.969683 4524553 0.201995 42 1.004451 0.0000 0.001361 0.001533 0.006714 -0.128714 0.150297 -0.199865 40.8557431206 -218.6126659216 43.00445
JGD2 24AUG16 2024.6242 60538 2327 5 141.4 -1067 -0.972645 4524553 0.208564 42 0.965352 0.0000 0.001380 0.001530 0.006676 -0.153736 0.159659 -0.106641 40.8557431798 -218.6126659568 42.96535
JGD2 24AUG17 2024.6270 60539 2327 6 141.4 -1067 -0.969327 4524553 0.205895 42 0.983310 0.0000 0.001385 0.001527 0.006634 -0.122212 0.183496 -0.226085 40.8557431557 -218.6126659174 42.98331
JGD2 24AUG18 2024.6297 60540 2328 0 141.4 -1067 -0.971368 4524553 0.202347 42 0.992966 0.0000 0.001262 0.001472 0.006178 -0.049780 0.169463 -0.185739 40.8557431238 -218.6126659416 42.99297
JGD2 24AUG19 2024.6324 60541 2328 1 141.4 -1067 -0.975253 4524553 0.203440 42 1.004175 0.0000 0.001337 0.001470 0.006645 -0.057803 0.161460 -0.322943 40.8557431336 -218.6126659877 43.00418
JGD2 24AUG20 2024.6352 60542 2328 2 141.4 -1067 -0.972017 4524553 0.198189 42 1.019851 0.0000 0.001228 0.001558 0.006331 0.044241 0.024127 -0.247400 40.8557430863 -218.6126659493 43.01985
JGD2 24AUG21 2024.6379 60543 2328 3 141.4 -1067 -0.970002 4524553 0.202700 42 0.993793 0.0000 0.001318 0.001498 0.007935 -0.106507 0.460495 -0.373910 40.8557431270 -218.6126659254 42.99379
JGD2 24AUG22 2024.6407 60544 2328 4 141.4 -1067 -0.969373 4524553 0.210344 42 0.985145 0.0000 0.001229 0.001427 0.006216 -0.055152 0.342448 -0.229019 40.8557431958 -218.6126659180 42.98515
JGD2 24AUG23 2024.6434 60545 2328 5 141.4 -1067 -0.971590 4524553 0.206997 42 0.964224 0.0000 0.001526 0.001458 0.007710 -0.066851 0.492346 -0.203790 40.8557431657 -218.6126659443 42.96422
JGD2 24AUG24 2024.6461 60546 2328 6 141.4 -1067 -0.969511 4524553 0.203834 42 0.991156 0.0000 0.001556 0.001546 0.007606 -0.166081 0.456268 -0.293903 40.8557431372 -218.6126659196 42.99116
JGD2 24AUG25 2024.6489 60547 2329 0 141.4 -1067 -0.966970 4524553 0.200036 42 1.020512 0.0000 0.001613 0.001604 0.008175 -0.153010 0.472598 -0.374183 40.8557431030 -218.6126658894 43.02051
JGD2 24AUG26 2024.6516 60548 2329 1 141.4 -1067 -0.961576 4524553 0.207650 42 0.983284 0.0000 0.001409 0.001406 0.006790 -0.082238 0.412978 -0.184922 40.8557431715 -218.6126658255 42.98328
JGD2 24AUG27 2024.6543 60549 2329 2 141.4 -1067 -0.963368 4524553 0.203851 42 0.983592 0.0000 0.001658 0.001651 0.008391 -0.072879 0.529675 -0.300133 40.8557431373 -218.6126658467 42.98359
JGD2 24AUG28 2024.6571 60550 2329 3 141.4 -1067 -0.969103 4524553 0.202461 42 1.014475 0.0000 0.001407 0.001526 0.006903 -0.146017 0.373195 -0.294945 40.8557431248 -218.6126659148 43.01447
JGD2 24AUG29 2024.6598 60551 2329 4 141.4 -1067 -0.974028 4524553 0.203143 42 0.962412 0.0000 0.001551 0.001421 0.008064 -0.105009 0.578608 -0.253114 40.8557431310 -218.6126659732 42.96241
JGD2 24AUG30 2024.6626 60552 2329 5 141.4 -1067 -0.968334 4524553 0.196097 42 1.003452 0.0000 0.001421 0.001536 0.007210 -0.083765 0.277862 -0.368931 40.8557430675 -218.6126659056 43.00345
JGD2 24AUG31 2024.6653 60553 2329 6 141.4 -1067 -0.979101 4524553 0.206711 42 0.971441 0.0000 0.001629 0.001519 0.008133 -0.178271 0.524200 -0.310983 40.8557431631 -218.6126660333 42.97144
JGD2 24SEP01 2024.6680 60554 2330 0 141.4 -1067 -0.972328 4524553 0.203194 42 0.966872 0.0000 0.001545 0.001519 0.008074 -0.105436 0.493103 -0.311038 40.8557431314 -218.6126659530 42.96687
JGD2 24SEP02 2024.6708 60555 2330 1 141.4 -1067 -0.974819 4524553 0.211858 42 0.930840 0.0000 0.001662 0.001606 0.009100 -0.169175 0.549054 -0.292492 40.8557432094 -218.6126659826 42.93084
JGD2 24SEP03 2024.6735 60556 2330 2 141.4 -1067 -0.968031 4524553 0.203134 42 1.013314 0.0000 0.001400 0.001577 0.007463 -0.024246 0.318070 -0.291457 40.8557431309 -218.6126659020 43.01331
JGD2 24SEP04 2024.6762 60557 2330 3 141.4 -1067 -0.968092 4524553 0.198557 42 0.979903 0.0000 0.001511 0.001472 0.007836 -0.179664 0.534375 -0.259617 40.8557430897 -218.6126659028 42.97990
JGD2 24SEP05 2024.6790 60558 2330 4 141.4 -1067 -0.973176 4524553 0.199457 42 0.973702 0.0000 0.001422 0.001506 0.007196 -0.067168 0.392518 -0.303141 40.8557430978 -218.6126659630 42.97370
JGD2 24SEP06 2024.6817 60559 2330 5 141.4 -1067 -0.969916 4524553 0.197223 42 0.983526 0.0000 0.001347 0.001483 0.006538 -0.004791 0.101448 -0.276052 40.8557430776 -218.6126659244 42.98353
JGD2 24SEP07 2024.6845 60560 2330 6 141.4 -1067 -0.967481 4524553 0.202238 42 1.001404 0.0000 0.001344 0.001503 0.006519 -0.099149 0.134722 -0.336001 40.8557431228 -218.6126658955 43.00140
JGD2 24SEP08 2024.6872 60561 2331 0 141.4 -1067 -0.969495 4524553 0.203450 42 1.003267 0.0000 0.001288 0.001417 0.006416 -0.037075 0.120753 -0.375473 40.8557431337 -218.6126659194 43.00327
JGD2 24SEP09 2024.6899 60562 2331 1 141.4 -1067 -0.965830 4524553 0.198532 42 0.999509 0.0000 0.001260 0.001354 0.006233 -0.084232 0.302362 -0.347052 40.8557430894 -218.6126658759 42.99951
JGD2 24SEP10 2024.6927 60563 2331 2 141.4 -1067 -0.965864 4524553 0.204962 42 0.979222 0.0000 0.001420 0.001466 0.006971 -0.084925 0.451961 -0.207308 40.8557431473 -218.6126658763 42.97922
JGD2 24SEP11 2024.6954 60564 2331 3 141.4 -1067 -0.966397 4524553 0.201264 42 0.999305 0.0000 0.001562 0.001653 0.008195 -0.109177 0.478662 -0.340277 40.8557431140 -218.6126658827 42.99931
JGD2 24SEP12 2024.6982 60565 2331 4 141.4 -1067 -0.962669 4524553 0.206788 42 1.043000 0.0000 0.001597 0.001632 0.008432 -0.050523 0.383781 -0.179736 40.8557431638 -218.6126658384 43.04300
JGD2 24SEP13 2024.7009 60566 2331 5 141.4 -1067 -0.962530 4524553 0.199768 42 1.009874 0.0000 0.001575 0.001601 0.007988 -0.063027 0.480052 -0.191978 40.8557431006 -218.6126658368 43.00987
JGD2 24SEP14 2024.7036 60567 2331 6 141.4 -1067 -0.960085 4524553 0.197685 42 1.003224 0.0000 0.001698 0.001851 0.008460 -0.067618 0.438786 -0.169335 40.8557430818 -218.6126658078 43.00322
JGD2 24SEP15 2024.7064 60568 2332 0 141.4 -1067 -0.966016 4524553 0.202787 42 0.970325 0.0000 0.001575 0.001548 0.007755 -0.239131 0.470636 -0.278701 40.8557431278 -218.6126658781 42.97032
JGD2 24SEP16 2024.7091 60569 2332 1 141.4 -1067 -0.971520 4524553 0.201962 42 0.964825 0.0000 0.001529 0.001508 0.007709 -0.100804 0.499125 -0.239472 40.8557431203 -218.6126659434 42.96483
